  1   1 -0.02890094
  1   2 0.04124084
  2   1 0.00386099
  2   2 0.00616278
  3   1 -0.00876457
  3   2 -0.00003070
  4   1 0.04652122
  4   2 -0.03037606
  5   1 0.01185137
  5   2 0.00305678
  6   1 -0.02072033
  6   2 -0.00597959
  7   1 -0.02200660
  7   2 0.01376052
  8   1 0.04835040
  8   2 0.01722381
  9   1 -0.01632680
  9   2 -0.00368418
 10   1 -0.00858828
 10   2 0.02933666
 11   1 0.11820643
 11   2 0.02108712
 12   1 0.01676868
 12   2 0.00746064
 13   1 0.02158534
 13   2 -0.02513973
 14   1 0.01296028
 14   2 -0.01383711
 15   1 0.01506169
 15   2 -0.00199048
 16   1 0.05415242
 16   2 0.02158843
 17   1 -0.04776596
 17   2 -0.00870332
 18   1 0.01759419
 18   2 0.02760686
 19   1 -0.02545858
 19   2 -0.00977002
 20   1 0.00830320
 20   2 0.00470849
 21   1 0.00801009
 21   2 -0.00501182
 22   1 -0.01873602
 22   2 0.00055244
 23   1 -0.01105084
 23   2 -0.01970499
 24   1 -0.03015621
 24   2 0.00868777
 25   1 -0.00310291
 25   2 -0.01690977
 26   1 -0.04755664
 26   2 -0.01094140
 27   1 0.01674334
 27   2 0.00016572
 28   1 0.02211160
 28   2 0.02090817
 29   1 0.02802471
 29   2 -0.01635084
 30   1 -0.04148383
 30   2 -0.00744309
 31   1 0.05005120
 31   2 -0.00942032
 32   1 0.00413415
 32   2 -0.01845331
 33   1 0.03323873
 33   2 0.00730381
 34   1 -0.01207004
 34   2 0.01114097
 35   1 0.04590167
 35   2 0.02645449
