-0.7375772938  -0.2943405405  -1.24055294  2.297720674  0.7115151117  1.1495301  -1.013432049  0.1541822733  -1.059901546  0.1359630383  -1.150553998  0.4713930579  -1.77367022  0.3178419719  0.7496188791  -0.7686369261  -0.3373590782  0.5796346322  -0.1459646476  1.835254056  -1.054039927  0.6633745356  0.1486495149  1.197437044  0.5243455958  -0.6779418372  0.8262650938  1.59200808  0.8505142302  0.2662877455  1.660432221  0.0710101237  1.888162731  1.435250125  -0.2986459998  
2.039829122  -0.2324688932  -0.1043214159  -0.3235463897  -0.2905285894  -0.3729835693  0.8353639755  -0.8034048526  -0.6243954411  -1.238075709  -1.643397009  0.9367323722  -0.3186608299  -0.3930029007  -0.4489859176  0.6292111123  -0.9095669079  0.4264049455  1.638613381  -1.493520557  -0.494718418  -0.01309712974  -0.793159032  -0.2953208893  1.350158761  0.9961263563  0.7287136471  -0.1316679583  1.416135932  0.1516590163  0.2282370066  -1.64156014  0.1405525632  0.1813639044  1.340870497  
-0.2245395932  1.982417333  0.3523824533  -0.6926238033  1.909955847  1.545529311  -1.09823434  0.1189699729  -0.7090217565  0.1696863588  -0.9526662061  0.2644397628  1.737510592  -0.2010324525  1.049796068  2.79218459  0.3216635963  -0.8100717229  1.654080331  1.138730929  0.7650050964  0.4618844908  -0.9813881124  0.1322033428  -0.6903796469  1.069960002  0.4278255322  -1.6300204  -0.08225541315  1.934592494  -0.05750059857  1.460810772  0.3778810819  -1.464898651  0.1926086567  
-0.9892738071  0.5814419405  -0.1840670541  0.2189100304  -0.3230227546  -1.730986351  -0.5339697638  0.59199305  -0.6729651706  -1.022752412  0.3196211775  -1.219409305  -0.3665335196  0.06052287358  0.3797487709  0.9680003589  0.7030931059  0.7168005401  -1.18468828  -0.2988057057  0.4410952793  0.1079956412  0.3611719846  -1.438281982  -0.1276487628  -0.3802848003  -1.685326788  0.5355672366  0.06705244728  -0.7736526993  0.7460382208  -0.500450961  0.1422234052  -1.933195925  -0.08007893778  
-0.2857353415  -0.1912372474  0.739623184  -0.8574356169  -1.09052562  -1.080591068  1.41546156  -0.2876785818  -1.290185659  1.891138161  -0.313672927  2.158568954  -0.7213235332  -0.5557943569  -1.541817071  -0.319510354  -0.5976595148  0.1590373011  -0.3886776924  -0.3215408676  -0.4199539744  0.4919141674  1.573713215  -0.5698260942  -1.140445234  -0.5455935164  -0.9114036351  -1.451973648  -1.45738546  0.4874046534  1.035886676  -0.8925295451  -0.757598805  1.304860728  -0.08424882218  
-0.6043600268  -0.8941299957  0.5701721639  -0.4830216638  -0.5687468411  0.005197019945  0.476428789  -2.014780733  2.721125378  -0.3791446321  0.5758354119  -0.3045415865  -0.9810538334  1.294783455  -0.815710549  -0.8596341011  -2.241674632  0.1293403568  -0.2600549964  -0.5603380042  -0.3653486246  0.0850529735  -0.168767604  0.9811910979  0.6255013335  -0.2754156292  -0.2051090888  -1.091424932  -0.6343019498  -0.4093655084  0.3944021325  0.5549004098  0.02484073176  -1.049582429  -1.746338465  
-0.6147411398  -0.5355406963  0.9848563458  -0.2004423196  -0.7871120703  -1.492196538  -0.853121879  -2.143525506  -0.4970861101  0.5383167827  0.2649836716  -1.566534152  0.1801929061  0.1111614093  -0.150780275  0.8509520325  -0.9887973784  0.955671688  0.1852453944  -0.2141453177  -0.599029775  -1.436522707  0.1965588253  -0.5551000246  0.3710864809  -0.4499305333  -0.2783689139  0.7988215434  1.919529961  -1.477941273  -2.486024581  0.5906563132  -0.5002776361  1.462345859  0.4982966525  
-0.6636726612  0.4566351786  0.3200262511  0.1492956325  -0.4327490122  -0.0073684605  0.4323831628  1.725004371  2.162752898  -0.3096827756  1.498051711  0.05705307634  -0.3006644504  -0.60176971  -0.7907086348  -0.09862642094  -0.4177789468  0.3544909165  -0.2432532483  -0.7677187158  0.110052251  0.845388892  -1.620610879  -0.2126269349  -0.5776889991  0.7356185937  -1.27650103  2.846217808  -0.5171559412  1.545023661  -0.9627805171  -0.8471976732  -0.5133242387  -0.6760550361  -0.8258916121  
1.174512643  -0.2362208224  -0.3646653934  0.2430314163  -0.9803787885  0.8158235192  -0.7968538908  -0.01785668923  -0.8440258191  -0.6583514215  0.01033519757  -1.351909494  1.519626716  1.085710073  0.2719492952  -1.287229745  -0.4539671895  -0.4306832592  -0.2283730407  2.528104006  1.006171342  0.7482797994  0.4321491002  -0.773757932  -0.907600253  -0.2050349809  0.499656531  0.1248112236  -1.783374092  0.1735515132  -0.6573870306  -0.4562643336  -1.938183011  0.124295945  0.4893983008  
-0.8783571213  -0.1151674614  -0.7973138195  -0.6953326361  0.879911219  -1.778775793  -1.001800751  0.6661190486  -0.433967285  -1.042246189  0.3295729149  0.1341504128  -0.3334188133  -0.5276686582  1.121284783  -1.103020447  1.355653859  -1.171137583  -1.177080534  -1.488472687  -0.4951508199  2.093558674  0.5985326716  0.2376163908  0.8064599378  1.070446507  -0.3025288696  -0.8204563423  -0.2691346048  -0.6514240778  -0.819513864  0.2471448559  0.03455123826  0.2550276602  -0.362683208  
1.103765123  -0.3016740395  -0.7902323741  -0.2040953344  0.3979240799  1.320554663  0.6593453456  -0.4948043806  -0.670526123  -0.599270688  1.026688085  0.4397006698  0.03427168294  -0.7399511116  0.1307814342  -1.028895596  -0.04226632014  -1.012070357  -0.4290104034  -1.970383997  2.947809517  -1.744803212  -0.05050217421  0.551234552  0.2563132099  0.7165219471  1.46012617  0.3378252494  0.2404437898  -0.5777127799  0.4738849082  0.08306840161  -0.2992671776  0.550833423  -0.1907438395  
0.2846467471  -1.272118867  -1.463709368  1.685518051  0.7551306103  -0.1096367601  -0.09097794711  0.5206024858  2.320202375  0.8421681172  2.088154648  0.890707774  1.443534823  0.9593562753  0.01849440353  2.390792106  0.3569559265  0.6429302275  0.04774081832  0.5680570776  -0.207798113  0.9712157788  0.8190189706  -0.9548460635  0.4042699688  -0.7429659889  2.030617977  -0.5515915735  0.7408892244  0.8555166033  0.03640021893  -0.01673821866  0.7751991198  0.3644474907  0.5917181872  
-0.7342494338  -0.8290190635  0.2133917231  -1.316639508  -0.9172528837  0.7621000692  -1.615344985  1.537452639  -0.4555408256  1.475713578  -0.3037673516  -0.4450859541  -0.1992942227  -0.3785122145  0.6374518461  -1.240390867  -1.001393882  -1.568914258  0.05999269978  1.077737044  -1.108285204  -0.9380406142  -0.2001971915  -0.5559424694  0.4051871297  -0.7803738829  0.2197712902  -1.150039144  1.314755428  -1.603964389  0.1960558593  -1.002190616  -0.9794585176  -1.362802458  -1.080284832  
0.1033449566  -0.8201196046  0.476872487  -0.4255037356  -0.9223502666  0.6634581513  0.6259652776  -1.424978309  0.02421799603  0.4326574709  -1.575037234  0.1017929582  -0.05994263194  2.481906348  1.418510178  -0.5042321121  1.719158116  -0.5520582865  -0.5194222884  -0.6961788269  -0.6830363937  -0.6112868104  -1.010607619  -0.66297681  0.09063031537  -1.590841808  -1.321300929  0.3791138264  -1.245828947  -0.667564475  -0.8578293237  -0.3422571058  0.9320241667  0.3152813596  1.294251548  
-0.7804730007  0.8485712329  0.3615884031  -0.1565736352  -1.499679218  -1.274212304  0.9848837022  1.36102662  1.452275821  0.0489081493  -0.6545268033  -0.08175135563  0.02153719143  -1.244044361  -0.7073940468  -1.005635845  1.064196701  -1.593933012  -1.153196926  0.1303830014  0.2707238672  -1.246014364  -2.262705316  0.2345652403  -0.7429522444  -0.2346474238  1.291920692  -0.213816155  -0.098173101  0.0263448476  0.7144849517  0.8790001383  -0.9165382445  0.9668971299  1.767727953  
0.758326623  -0.8546893316  -0.7522237827  0.0164534138  -0.6905276192  1.270301317  0.4639498107  -0.5663582326  -0.6428082154  -0.9036091617  -0.2439642046  -1.63303265  0.6212986126  -1.201374915  -0.618182047  0.7376792866  1.115928063  1.128137326  -0.03864237392  1.087259167  2.067430311  0.1815175449  0.4149489908  1.613138964  0.9173331317  0.2790264016  -1.959672391  -0.6373374655  -0.6663573398  -0.1491434868  0.3147321683  -0.06009662978  -0.53229388  1.459862446  -1.725553809  
2.273965721  1.13941694  1.196965946  0.5618614625  1.812753836  0.2660233566  0.3899079827  -0.8814049359  1.28525408  -0.221446234  0.7072154419  -0.5203284593  0.8458423789  -1.583798201  -0.8530155378  -1.170738574  1.66877847  0.4981728895  -0.825507319  0.7356328323  -1.253761865  0.7827866198  0.2133567844  -0.435625577  -0.580976417  0.7016098992  -0.6669404764  -0.5043421552  0.9613507625  0.3278299607  -1.871253184  -0.3841658274  1.356507091  -1.276725289  0.3373107234  
-0.2961529441  -0.4867430188  0.2258783902  -1.568078733  -0.3978638394  0.6378540693  0.6667534358  0.4485649996  -0.9564292501  2.202829498  1.298290036  0.3546676739  -2.049425252  0.1883223472  -1.448814368  0.7403629595  1.021129923  -1.171673327  -0.9272082663  -0.2931367213  0.4137126393  -1.766968606  0.00545440284  0.02861138068  -1.607346897  0.7376228394  0.9595041307  1.359380595  -1.692388913  0.3231905899  -0.67566309  -0.9308446432  -0.3978396495  -0.1956930009  -0.9106052688  
1.710107251  0.9947877219  1.520742374  0.5088295972  0.287678817  -0.2726356999  -1.032814276  -0.7139212057  -0.2673249954  -0.9033875924  1.839495711  -0.7310088847  0.3930391734  -0.6573363888  0.7374509603  0.1126850648  0.556051919  1.940760062  0.09437903028  -0.7941309369  -0.3353723108  -0.2709200033  -0.3077400616  -1.271850632  -0.8368177738  -0.7691690633  0.8066268652  -0.3604738258  0.4489673064  -0.08976503503  2.508680707  1.8292757  0.7771602803  -0.6790692553  -1.040545971  
-0.411144742  0.4974865212  -0.8496368487  1.744215911  0.4126527001  -0.6559538144  -0.3384332875  0.1791253513  1.533897428  0.5015970475  0.09218345374  0.1139114409  1.170113151  1.293147282  -0.9612047813  -0.9906033387  0.9487316403  -1.134111569  2.682034115  -0.1363407063  0.7918919668  -1.902390295  2.767749912  0.8043697231  0.7399042282  0.6990170861  -0.3635744597  -0.04896635536  -0.1765714975  0.3563571529  0.388164176  0.5257092799  1.691644011  -0.137941446  0.7429058113  
0.9288967457  1.58907153  2.404576497  1.046665827  1.398216602  -0.2589676437  1.127798772  2.145169874  0.07071112634  0.4421975524  -0.9433517534  0.8516970777  -0.1533331957  1.690346366  2.083148754  0.02929343422  -0.2820030366  0.4624887982  0.8189500546  0.8503199064  1.836974808  1.21537315  1.227316445  2.769885247  0.7052707419  0.6206331426  1.57885894  -1.199861584  0.6631750654  -0.6271014631  -1.073709516  1.001906109  0.2739900165  0.03853099689  0.7443579937  
-0.9197608586  0.09998310024  0.545278002  -1.256764807  -1.095988951  0.03468016973  1.54509643  0.9830650241  0.718934948  0.6888284453  -0.9738517937  -0.6683570675  -0.1022077528  -1.775844071  1.616736031  -0.2044607858  -0.05976835874  -1.146803732  0.5197832777  -1.142154719  -0.138814681  0.5539179245  -0.06493252685  -0.4285984701  -0.6852634657  -3.161681941  -0.8800344911  -0.149245756  -0.2020403869  -0.4534098031  -0.4677194135  -0.3682928582  1.232538689  1.143176704  -0.6811988566  
-0.94225451  -0.9730659561  -0.9188826872  0.1009327416  0.9114518593  -0.7981250741  1.213260141  -0.03534153183  -0.9579846663  -1.404076782  -0.7318540682  0.429730478  -0.9340395795  -0.6972331881  -1.333589992  -1.050830428  -0.5096402726  0.3850898514  0.8250466303  -0.07713968442  -1.079356904  -0.2302319781  -0.3494939987  -0.3895562554  0.2095956223  -0.6963726666  1.515618458  -0.5564176673  -2.426781625  -0.9038000536  -0.2825871998  1.351675592  -0.6351269977  -0.5451819657  0.591850182  
-0.0928585476  1.94395512  0.0217521491  -1.761832257  1.80371625  0.6915755746  -0.51079653  0.5421170902  -0.5829084982  0.25983572  0.8087968356  -0.7111488437  0.9573998628  1.100578067  -0.4566519659  -1.325439989  0.4240792646  1.128858221  1.104773429  1.886646359  0.4815726511  0.7381042711  -0.7815153449  -0.08552176566  1.274356086  0.5072767771  -0.3491175534  -0.5939939313  1.910659453  2.233682956  0.7369019852  1.068486644  0.5954887218  2.163009548  0.5890483853  
0.1969698923  -1.088293694  0.5995276362  -0.7245280265  -1.212259817  1.401881376  -0.8754720074  -0.2943196541  -0.3735475701  -0.4227182853  -1.291536105  0.3551624138  1.314255314  1.162304553  0.03327876048  -0.4003411286  1.071312436  0.4660119091  -0.3702277358  -1.89523585  -0.195355818  1.355685255  0.9900922102  0.1988111569  -0.5884972465  0.3030520339  -0.3805882864  1.600232747  0.7439387046  0.3277941405  1.122984349  2.1304575  -1.963628005  -0.464354118  0.7303967915  
-0.774629825  -0.874430795  -0.901774309  -0.9780701805  1.600581995  -1.220298465  -0.4518188894  1.065889232  -0.3312471999  -1.416997223  -0.6773279732  0.9834897876  -0.4992814809  -0.4730672931  0.6188995329  1.004902017  -0.5978039897  1.047064499  -0.3544116273  -0.3871775846  -0.1889596334  -1.336092186  0.4958618959  -0.01534914431  -0.998496658  -1.346739153  -0.2430707488  1.82005682  -0.3800678126  -0.238915373  -0.6570783691  -1.903795764  -1.543022211  0.302979749  -1.155922273  
-1.002545323  -0.5802685522  -0.6725121547  1.232443635  0.3040514521  0.5865926327  1.596753868  0.6267770551  -0.7996898824  -1.210358723  1.150514746  1.831078121  -0.638581056  0.01481800857  -0.3946665559  0.9351797728  -1.160385423  -1.560210716  0.3072111694  0.6418019096  -1.314570568  -1.149230417  -0.4285324536  -0.673832957  -0.3512543727  0.5787020906  -0.8942841585  0.9067473378  -0.6609386087  0.07791751971  -1.21234118  1.296901297  -0.3749701548  0.2921181124  -0.5213419725  
1.933808673  1.86074574  1.590997532  0.2773652701  1.290533326  0.4449992187  0.2658919904  -1.108706546  1.95624755  -0.0805731263  -0.2565624161  -0.5226184134  0.8612792118  -1.328369646  -0.6534421602  0.4059680507  0.9701824109  -0.6683861656  -0.1640761475  0.2500957986  -1.569937848  -0.7009353374  0.7992888645  0.8693034887  1.178514773  -0.0947853474  -1.385970478  0.8764688894  -0.3580768237  -0.8161687133  2.361285182  -0.8241713093  -1.692984918  -0.1816170896  1.058781514  
0.3431950575  0.299870226  -1.573033557  0.4172316744  -0.008811812383  -1.004788342  -0.4494563852  -0.9584891798  -0.1095813876  1.16726372  -0.4153408849  1.123873088  0.723954771  0.02146129584  1.645477395  0.4851921857  -0.4906722014  2.444619774  0.839203251  0.0581910158  -0.07910319105  -0.2654689246  -1.918864529  1.748958107  -1.228563059  0.9733270578  -0.2833082283  0.1313750499  -0.3702800149  -0.3425449638  -0.1768881864  -0.1353943597  0.6470645676  -1.763888405  -0.3523825169  
-0.7179151474  0.8486362886  -1.585361905  1.023030138  -0.1785561882  1.211774926  -1.366953579  -0.2449208948  0.461349932  -0.3434457982  -1.481124804  0.145390435  -2.65900298  0.3505421483  0.581567072  1.35385972  -0.1588550503  0.09929919923  0.1769510433  1.032173774  0.1315763331  1.485905105  2.032594438  -1.01185032  -1.412245207  1.480905369  1.762070545  -0.2147357013  1.12827874  -0.4959046808  -0.9776759408  -0.0353937044  0.107715732  0.1973748472  0.336199626  
-1.401756233  -1.015963716  -0.569623588  2.074329804  -0.2242080735  1.561260185  -0.4004124854  0.9881084415  -0.8965286157  -1.208125637  1.521695032  -0.9631183773  -0.8261103055  -0.08955326528  -0.4897875212  -0.1864171676  -1.004013909  0.04790544841  0.0482045635  -1.224983987  -1.302255088  -0.598662938  -0.09583105154  1.623006789  -1.26348014  0.6358388223  -1.054512628  -1.944960069  0.3991944714  0.5012784103  0.1031082585  -1.271629024  0.06177230507  1.025253633  1.445077934  
-1.156341198  -1.477896799  0.4413425605  -1.453448517  -1.376291003  0.7651878237  0.2800678361  1.137141851  -0.9571290497  1.492116857  0.4060943438  -1.725743687  -1.255235903  -1.080040519  -1.220660627  0.2689259332  1.1274908  1.011333402  -0.6774804929  0.5134804772  -0.1155176157  -0.3071607644  -0.1536964457  0.4367715512  2.32163458  -0.3114929898  -0.0763906175  -0.01181538429  0.01882431516  0.003999794424  -0.3429061184  0.2056598927  -0.3948060993  -2.159986029  0.3906527168  
0.7243835372  -0.9738971303  -1.273625935  1.563388042  1.345662927  -1.081713431  -0.2443035156  -0.02219222852  -0.3677556777  1.120921388  -1.065681926  -2.060211296  -0.06554437349  1.562372714  -0.1033920003  1.201660114  -2.63418773  -0.2223337666  -0.3948128816  -1.019114469  0.5146492808  0.8969796544  -0.3151925232  -1.923536289  0.5780883196  1.04655998  -0.8982643742  0.2957841853  0.1354404036  0.4442325862  1.341616385  0.5013589775  1.427954736  -0.5008596754  -0.1016865957  
0.1359430246  1.514098159  -1.081711382  0.2645117005  -0.3735508461  0.6987159136  1.184723709  -0.1942673078  -0.2176377455  0.319787964  1.430981381  2.182891719  1.571338039  0.7335704008  -0.05506085551  1.162613412  -0.6739233869  -0.9905769619  -1.543222473  0.8235257918  -0.1963802153  -0.2026872536  -0.5662597991  -0.02811376628  2.059552808  0.8191563798  -0.6603494646  -0.4011115745  0.3237546268  -1.718536201  0.003197545983  0.491320107  0.3214513226  0.2472380514  -0.2439108627  
-0.03117548322  0.9761157413  -0.8859591835  0.8877220047  -0.2892236369  -0.415058321  1.270931138  -0.7582661317  -1.048503387  1.124966554  0.1865362922  0.4388952702  1.425053595  0.6577060637  -1.129786769  -0.9777201251  0.3132890853  0.1328796515  1.866057107  -0.9588309021  -0.1943978595  1.226129491  -1.112769462  0.1680653557  0.0371976988  -0.3924317065  0.8622342945  -0.08088700449  1.189001832  -0.4818773676  -0.2877778957  -1.494416547  -1.172394162  -0.9096389115  -2.187180099  
-0.8559237117  -0.6926512477  0.8198660945  -0.4068801932  -1.149320372  -0.918909435  -0.3974805656  -1.054171937  -0.6139801745  0.5906462348  -1.198809174  0.8114848066  0.1547948632  -1.160547943  -0.1870471824  -1.098515678  -1.484609365  0.6849765696  -3.09668223  -1.208707378  0.4341141858  -1.668111194  0.4892658017  -0.1169862599  0.5709834731  -1.677557536  0.1280279742  -0.2618079301  -0.0785252195  2.96921228  -1.329345402  -0.8189267578  -0.3323397085  -1.188303914  -0.2651252922  
1.557042008  -0.08417366553  0.5554838427  -0.8034083941  -0.4718965727  -0.901060528  -0.9761242482  -0.2030638406  -0.01806019473  -1.641283637  0.4459223506  0.7379893081  -0.5883374907  0.2722050215  1.319184866  -0.2062214126  0.3792024119  0.828585158  0.6599293644  0.1806050568  -0.4807986562  -0.5804169145  -0.2357319551  -0.4510125821  0.4730109064  1.200131702  0.1303422455  -0.9960933629  -0.9313451842  1.172873471  0.8539198687  -1.863169082  1.285947577  -0.1653317271  0.3359439262  
-0.9797429417  -0.6837009991  0.4808951879  -1.49987176  -1.404725766  0.8545756525  -0.8772858154  2.022239504  0.4737181577  1.051199844  -1.241105225  0.4739273834  0.288279762  -1.39543966  -0.3731830769  -0.8172854564  -0.5617883886  0.8489193739  -0.5166908516  -0.1778010831  -0.07139253654  -0.4907052055  0.08812849418  -1.638439631  -1.496269297  1.347171502  -0.5131232943  0.9528459106  -1.084722631  -1.941914278  -1.184088336  1.168409152  0.9183571818  1.171866317  -0.6909636686  
-0.9474875468  -1.324810021  1.468502418  -0.5667744851  -0.9537356754  -1.327000106  -1.513260427  -1.67328574  -0.5857757425  0.7764525274  1.269826112  -0.3910276702  0.01800456416  -1.841396677  0.8933175445  -0.4180735316  -0.8076829696  -1.414065555  -0.01903094332  -0.08530186511  0.09093746155  1.630097005  -0.3522020177  0.02216068449  1.123571875  0.5344051677  0.5547508051  1.744824109  -1.453991948  0.5442060052  -0.01295430355  -0.5527549093  0.1225556065  0.3327044807  0.5799545903  
-2.228676343e-05  1.546719971  -0.5959240999  -1.174912282  0.7449591028  1.082516384  0.2333287809  0.3411463661  -0.342403118  0.003127436605  1.23399828  -1.41501778  1.714818882  0.8417267835  -1.458235915  0.9921448994  -0.7578085262  0.718572098  -0.6529614762  -0.1308339155  -0.3727723155  0.484234499  0.2782493416  2.393734392  -0.5913593985  -0.4478930155  1.59458761  0.2515950274  -0.6598151108  -0.6803910617  0.2227111028  -0.6366088574  1.520264694  0.03133624191  1.3239837  
-0.9549326174  -1.760132509  1.159619463  -0.5517739086  -0.6247965255  -0.5837089057  1.909374681  -1.028552317  0.9696140966  -0.5900046366  -0.613375488  -0.07903685269  0.5720515015  0.6809983917  -0.04053095766  -0.6912327941  0.7299043247  -1.571519263  -1.099287681  1.431970293  -0.008854757198  -0.5572287954  0.01609246815  -0.3368950893  -1.992251831  1.21591619  0.318228043  0.236568503  1.795768049  -0.6209009562  1.506396626  -0.8028851827  0.6467944027  0.1545833462  -0.5287717763  
0.9335981915  -0.6333737708  -1.744321652  0.4301937327  0.8064459098  -1.533251248  -1.25490316  -0.7982258897  0.3050895812  1.335805721  0.4153302991  -0.3127988241  -1.043696727  0.8945572586  0.5232603214  1.011944439  -0.8304266817  -0.5361446423  -0.05111277762  0.4150583603  -0.5678297384  0.8110239855  -1.007053175  0.8798454211  -1.233751327  -0.1444912638  -1.293641695  -0.8520024133  0.9617813365  0.649589305  -0.3760786668  1.954081355  -1.573598264  0.4829789111  0.6557611247  
1.146979713  -0.1586863688  -0.2171814139  -0.4059329827  -0.8850769968  -0.03516350274  0.7489686436  -0.2417187589  -0.5989562509  -1.657177399  0.628005143  1.298675741  -0.8061385551  -0.6947364066  -1.015120824  -0.83244771  -0.1232833559  -1.219859705  1.07225035  0.6330319981  1.453936361  0.1573505568  0.6404658946  -0.1905047421  -0.2933879876  -2.290207587  -1.198132984  0.7956425396  0.8623759451  -0.2865268419  0.09051958769  0.5435366861  0.7254992724  -1.547987102  1.030555709  
1.782579134  0.390675719  1.039721958  0.2918091339  -0.4802072311  -1.021544739  -1.21156378  -0.2059659195  -0.2558066825  -1.642920411  -0.5610185709  -0.8904203141  0.02730826577  -0.08019444959  -0.6350023359  0.6943686579  1.368955526  -0.7753958051  -0.1598635737  -0.67568898  -1.359939548  -0.1037344555  -0.1523092316  0.2704311792  1.325967457  -0.6862008226  0.5556497432  -0.29178583  -0.3918431027  1.2420789  -0.2507202638  0.4586887504  0.6782342899  0.7668903197  -3.06015702  
-0.3918025175  1.257160587  1.422959111  0.3992375386  1.881995427  1.32769888  -1.224268084  0.7969132245  0.4441025325  0.1257154325  -0.83871602  0.8199719733  0.003081506838  0.6463482213  -0.6658154434  0.6112044947  1.271795252  1.047510449  0.6353070284  0.3245572558  2.75857172  1.053549082  -1.687496329  -0.7647138791  0.4092850906  -0.78584892  0.08044281721  -1.392070644  -0.3326415861  -1.328410981  -0.1059139768  -0.8208153177  -0.654170924  0.8344242317  0.6713229244  
-0.7424683091  0.5570257555  -0.9463873114  1.072793738  0.3742498984  0.7770997854  1.802443608  0.2185928302  1.282180141  0.1578048748  -0.4208863389  -0.8142747878  -0.9230906596  0.2784210618  2.718630515  -0.7929841088  0.6397636638  0.6644543976  1.385187869  -0.1249326475  -0.2634926732  -0.9206089903  2.028898608  -1.380274548  0.5884566939  0.4188765669  0.7496761778  -0.04698787284  -0.1378347116  0.722312857  0.08569681961  0.1884913094  -1.534552931  0.5981808651  0.3952862503  
