4.297525488  3.823265438  5.719005327  -2.370413387  
4.126916261  3.671484055  11.12891231  -3.515891984  
4.036800619  3.591313264  5.246938033  -4.64204376  
3.626965208  3.226705871  5.295681723  -1.943525409  
3.519109195  3.130752475  2.338336587  -2.480469752  
3.436734615  3.057468469  16.10501619  -7.87799417  
3.41682583  3.039756748  27.05539525  -8.597804067  
3.31465498  2.94886112  4.820199947  -3.418613807  
3.25123638  2.892441177  32.14233951  -5.316109698  
3.178932134  2.828116177  4.020984547  -1.190070975  
3.177764843  2.827077705  11.02697463  -6.244033197  
3.004595025  2.673018309  23.40408529  -7.995396548  
2.968641894  2.641032842  2.514212785  -2.125484585  
2.947103361  2.621871227  2.32150766  -2.704687856  
2.748851646  2.445497885  8.14686363  -5.849710329  
2.726409506  2.425532382  6.065844621  -1.450410197  
2.678027321  2.382489488  3.389236345  -2.012814338  
2.647377832  2.35522237  13.4477384  -8.801770571  
2.641004947  2.349552775  9.077741351  -7.208292337  
2.635205279  2.344393138  5.911924124  -6.090210073  
2.606597469  2.318942387  3.2989165  -6.003091863  
2.530183834  2.250961496  7.975737003  -3.701276728  
2.502672347  2.226486082  4.584394632  -1.019609172  
2.451003235  2.180518994  7.767998826  -5.182076928  
2.447885363  2.1777452  1.031709144  -3.210495579  
2.357893153  2.097684219  9.688964024  -4.165679922  
2.351254926  2.091778564  1.952151597  -1.957507863  
2.342196751  2.083720018  1.456307711  -7.411422269  
2.337676457  2.079698567  1.233752908  -3.089399154  
2.324721111  2.068172929  2.20181171  -3.209468772  
2.320811138  2.064694447  9.264521239  -1.135812162  
2.282498109  2.030609512  5.206049702  -1.939729435  
2.272520321  2.021732838  1.595031208  -1.651053344  
2.253172841  2.004520479  0.9339839707  -5.294835357  
2.238230582  1.991227196  0.8165847974  -2.708825149  
