9.444306295  2.573490777  12.93262816  2.693493123  17.32453753  13.97698347  23.0954247  42.81649004  41.06010918  3.17867549  12.41470079  9.109748173  6.215036441  1.918801012  2.015393559  26.18136491  97.97496282  17.8843513  2.287652665  1.813348074  35.68388618  28.50184999  11.38150348  25.27008279  3.869781951  19.8590259  3.483039619  6.484342325  7.346372015  6.987624742  8.575786533  33.02975042  9.331365215  11.2565683  2.895497197  
51.21552703  69.62820414  79.32311047  22.54009433  138.1845501  2.77563058  10.11213681  4.785245331  6.22823127  66.2044036  82.47768999  16.8081259  41.44701939  7.80287077  7.501498161  59.61227134  132.8829136  53.22272618  210.4308575  18.92230051  29.56442596  8.766803935  26.65213878  14.28532529  10.79346678  53.08767384  33.41945014  5.028301285  5.400361061  11.18975827  37.17305863  83.14231669  99.37837841  33.69838435  3.830994069  
26.9006932  56.47376393  82.47293743  162.2733415  17.1154411  101.9568404  19.5354249  1.586818621  19.78671117  61.48967814  29.04444508  6.166974628  59.33078267  0.8940360349  10.63167483  72.0488453  100.868692  51.24386578  6.091878633  28.31281139  5.119299621  17.21460116  17.69156685  6.633164407  33.28522608  13.2755652  1.641414131  89.60047308  35.87100168  16.76860047  23.98704117  12.78217087  78.81932891  42.22339442  20.34748168  
9.157172089  1.82018721  44.16068778  99.62484858  26.98799075  19.24750856  1.391955393  91.27389998  39.1622684  1.263645341  126.882629  91.30294143  37.78969539  60.95678719  67.1954954  35.97801803  1.760071408  7.267846376  38.02995089  14.76341108  63.69800435  34.74302903  25.65964957  54.27985539  231.9591146  50.8416282  77.72778431  36.57539936  29.29136959  15.2227044  13.80841852  26.55061674  7.127932213  17.37518952  2.754099941  
70.50990548  42.64509674  11.01718081  52.77784756  34.61296796  20.34182336  57.89304892  38.58422173  6.705077584  40.99770429  9.905485247  39.01995735  3.34503807  40.96581993  169.2065657  23.40614258  25.648744  35.03298897  53.67571613  3.08621567  2.165747676  26.05612217  64.09518914  24.92659696  8.363909433  112.4399896  171.7821521  119.204366  34.84182335  23.26555354  40.90415382  40.89006892  142.0438839  3.869327948  136.905599  
76.54197441  19.12287821  67.64621693  16.0891003  93.92471593  93.22480681  7.699393429  18.36011292  93.7050807  13.284222  95.55370318  201.3654096  69.40390503  31.1825148  29.47937558  88.12580053  3.740586645  71.57257541  28.03754858  16.73539797  3.007283416  69.13629767  21.35788565  1.63617326  3.365908984  139.9430177  5.867196826  75.51420186  47.39373101  16.73000694  68.83226053  7.352696723  1.851993728  136.6556551  61.73142174  
61.17305305  75.75672761  31.61156618  58.8164379  0.1505663849  21.09413665  141.8121047  15.18751275  61.06592706  73.77139244  79.55421764  8.420290166  49.59358142  102.7991326  35.73296195  6.517994485  66.79974195  53.22859992  10.92554319  48.91459427  27.40224766  40.72782009  68.36015897  76.35454046  41.5383698  5.269150319  10.92786281  105.6772437  15.22471659  81.91472439  20.05621652  2.135360082  3.574654215  15.69701749  15.22607524  
1.157250894  39.14367528  42.83247611  4.761895977  62.43814668  14.39334562  147.7408183  181.9762163  22.09122385  85.98858381  38.48230854  6.933184706  26.49815764  73.04411894  11.24904415  11.0691629  21.37449723  60.91453663  18.90382225  2.057370419  70.46673248  37.09053115  1.79301531  5.890775573  57.19612654  0.514316886  105.2280418  13.63120402  233.8183079  102.9611868  11.49376819  11.31236767  0.9852391676  20.15532354  31.99569574  
79.54479371  188.9620093  11.66238367  36.40622357  3.235731317  1.262527126  79.07938554  1.066246481  15.24643991  19.7076109  21.98763644  4.782377168  134.8723707  106.1593517  19.74400009  69.91345328  86.73860955  6.448693773  21.16646308  13.81103663  61.7703692  42.37307956  145.8334583  104.4944418  33.29653676  5.302293879  19.50704927  57.59210431  31.12046264  6.54402594  34.41103676  11.45178393  42.39212088  55.71367777  4.780243667  
73.80881466  22.79416934  42.05118232  20.54021547  7.584784255  39.23352386  27.06788733  79.25165037  6.286696632  16.12090653  10.26198082  26.65908639  84.66059463  11.99133217  5.509499406  134.6075203  10.98067149  2.947659831  65.46856162  18.71599474  69.67536538  44.0335332  4.142541628  112.2276168  57.38938603  65.45386368  49.32703019  7.417093945  125.3344947  14.49971842  223.5718485  194.2569645  35.0026784  50.70091791  26.84222039  
26.69489194  33.07184646  46.57760699  17.94327344  68.94811992  1.407356432  20.98311723  67.71641742  119.456884  77.95650209  19.18765296  87.02025958  164.2843824  45.93943402  147.0446359  57.42929364  40.70728505  113.9151104  8.380220476  115.0807783  111.9336345  108.5413205  69.25153038  34.39011881  106.0372439  125.3791678  56.30955043  25.88151413  57.62339359  67.18211709  61.2152071  25.63388458  6.752143546  9.171634452  23.39234009  
115.2530674  0.4393942933  104.6997777  133.2983178  5.541093769  4.927657452  12.28016226  25.48808195  9.535357528  12.00179073  194.4397388  17.85518059  34.83108837  65.48821866  115.0534639  105.2975621  0.6935827314  6.276737841  36.30091174  71.48271749  17.64809618  45.70334461  76.19154013  134.304719  136.3957154  25.45200154  16.6226863  20.34116311  0.6501573535  96.49896314  30.23038595  59.18028091  37.05925521  59.44798801  5.075463218  
12.9075839  26.81233288  71.24290608  26.95965491  59.86592803  58.96371527  5.48432547  8.783759497  11.18966682  130.2602361  0.3459772197  26.17515808  30.70702441  41.39907722  55.42492759  36.62599882  52.69331186  39.26455116  75.79018546  126.6486083  22.99409983  7.074563447  4.848718932  31.41253383  25.70459813  149.1165568  50.68119635  262.7755535  44.84098897  47.47498412  80.81719583  31.97250881  57.20953733  57.94068975  59.02451873  
21.42219223  67.12695987  97.59742284  30.0227229  79.26962805  40.59455515  87.93125666  54.24457804  25.54641851  89.296111  17.78587469  54.37266917  28.23664601  57.15648587  58.92421587  4.894207729  59.44578049  35.93024495  24.31916024  13.45395367  15.69575862  28.81277433  93.56144808  14.45532162  27.60914591  62.96051075  5.4938579  24.39468459  21.31160868  1.69624491  64.42054242  19.90391575  194.7292495  135.9280908  24.79567688  
10.3431553  64.89167364  3.591878424  9.588382007  49.97087943  92.64670431  13.02500814  6.456877245  28.6313734  68.61486597  67.11984212  84.98441989  46.23006425  66.43720329  37.10040511  48.39943046  89.15213375  40.89894437  2.097675125  50.48350271  97.16039146  14.95683107  30.14050661  17.92631333  2.518145042  28.18717286  62.28041937  54.21400633  21.92207317  189.1889279  96.82934703  28.57728728  10.09629619  8.87043378  158.0016272  
86.46636899  17.71537114  33.94314752  2.083666626  6.924258154  56.07244017  119.4845507  44.00411328  59.05153856  32.89773338  23.62647945  46.37758952  57.18310984  43.95189579  14.48807616  10.29687972  21.08791317  5.854818565  74.97797211  173.0077464  0.08283893411  57.71442974  0.3546738984  27.9100452  15.70970414  13.46339103  160.1683467  6.110932203  95.29613803  0.05806951477  37.65723424  43.81741477  8.202730083  87.06276705  115.6044519  
5.102881845  34.90948358  13.53908747  146.9202455  18.43278285  168.6942419  93.54819262  124.3879454  102.4229397  11.91142528  49.80344541  57.14516145  21.14281969  6.952410466  9.234373734  19.6137908  0.138817477  59.26073835  76.17861975  5.913748741  56.97925226  8.284100774  39.69865731  84.16822293  28.87389052  10.93751666  7.153372464  22.42644905  16.44818556  49.45424419  19.15771478  64.76037284  24.44604618  3.523884453  118.9356143  
44.75481328  18.49659784  12.46454305  7.136974338  11.19769817  23.99468355  41.69528046  31.78655928  27.60311283  7.152353815  77.11274103  13.01847066  16.58260544  58.2140533  106.6488719  16.7898482  34.82125901  91.94719665  29.32199653  73.5471267  15.15866617  68.89648029  129.1310131  150.2672017  35.98530479  41.5373841  6.095884082  8.171820427  37.68101082  67.6404018  14.07467873  9.945573782  54.37710545  0.7252785351  138.066725  
39.27315916  3.950945722  26.74884404  5.442149778  31.76591123  83.10185945  35.571879  26.72966467  19.59315836  36.95756021  33.14369814  39.35322382  62.29868662  53.9031676  69.28117521  1.107492038  44.13150982  140.7457272  14.36006234  0.4773202737  136.8082243  16.96023393  2.683986101  59.72327854  8.610503026  37.86153938  24.14477795  12.23246445  41.73915399  125.0296664  29.54938085  31.3819876  36.57894894  32.09108922  35.09889175  
125.4098459  131.5998906  9.616545731  29.81553653  288.2200089  35.81262364  63.62504615  139.777642  55.20462412  11.23754179  11.47097208  23.50776706  18.79148416  24.72346842  34.91789824  88.03602775  52.89318984  69.97783905  28.53807586  4.350123487  87.99929731  157.4076848  119.0318367  13.02016745  59.58902729  14.13361223  52.63705308  39.94297939  23.77227349  43.59555909  4.592249301  1.331140268  109.6215388  47.4406908  1.876889453  
43.56631646  27.05154454  120.208279  7.343613304  8.772978812  79.17854388  1.594471905  5.068730166  137.5872681  101.6173303  7.174075923  150.2564118  29.3231232  53.54045048  11.65128775  71.54121114  36.97534471  27.12970354  91.11114945  24.33143181  3.773228348  103.3694095  2.330655798  38.79452018  45.72497842  2.749991032  14.98696692  7.550455875  84.62816012  20.06882514  66.53837604  149.3473336  13.18718701  123.1825455  13.95862727  
35.44340991  86.83899685  29.02713098  94.81551628  2.46575965  62.00879708  23.14349584  17.4593184  20.43959432  68.59597786  27.12450944  5.989689538  3.562925115  79.15595899  14.43049399  5.811510426  34.79843967  39.79878245  86.41741613  191.0242636  90.3595151  63.08496038  33.56421229  2.508122815  0.1624197044  50.97515908  67.40494752  17.22345968  16.01533055  22.57190651  24.20615744  137.7286103  61.51160904  72.95000187  15.51052806  
17.81764565  6.349520141  80.06492051  94.21289652  4.131042166  0.1793905864  2.41126696  16.41579612  214.8005961  8.987497856  0.200391863  36.75180669  17.33971817  0.8468215416  5.069331591  83.39234696  37.38388341  8.471522513  64.3771204  36.13239574  19.70727007  11.10039733  94.48822599  0.2417236618  122.0429935  12.51894298  64.21983944  34.01957487  14.85777026  16.91237261  45.79588224  17.03118585  1.441555464  18.63889876  36.69863492  
