-0.109263306  
-0.6158492064  
-0.4394374469  
1.782593432  
-1.577334741  
1.914685959  
-0.3321142416  
0.3884134867  
-1.246314546  
-0.4120241197  
0.3326953619  
-1.055686855  
0.6402044477  
-0.876059827  
-0.7491834541  
1.813577189  
-0.2709913916  
-0.3063010185  
0.2086315424  
0.3266144963  
1.27116435  
0.2161124293  
0.1120634367  
0.4925739673  
0.7379176873  
-1.495739018  
-1.297456788  
-0.5163546127  
0.6519002965  
0.6736589942  
0.6078281623  
-0.3680788005  
0.8928627893  
-0.1441699167  
-0.2759924002  
-0.1984171013  
0.2138144276  
1.117064048  
-1.097403  
-1.498472326  
0.1997101543  
-1.128574685  
0.4248166819  
0.05730736784  
-0.9309637939  
2.432618974  
-1.309453427  
0.5846657814  
1.801343414  
-2.156710228  
-0.2192890915  
0.7327964655  
