0.7610610351  
-1.380222092  
-0.6768388961  
-0.1968248094  
-1.550868476  
-1.035969672  
0.9731833652  
0.2752101551  
-0.01476443854  
-0.384911238  
-0.2090821213  
2.287261421  
-0.1575943431  
-1.350739234  
0.8574868008  
1.63812102  
-0.6266116761  
0.54216474  
0.3200394913  
1.218355855  
0.172298065  
0.3698152493  
-0.04058321086  
-0.6848955915  
-1.419982492  
2.360222188  
0.6994658657  
-0.1308289795  
-0.3478333894  
0.453821259  
1.243027144  
-0.7593860767  
0.0458729365  
-0.7519569683  
1.344794083  
-0.6908028588  
-0.1883909516  
-2.690027357  
-0.3191535625  
-0.2887690105  
-0.8192290192  
-0.04119707827  
-0.1723085858  
-0.5680144327  
-1.461288575  
0.8598090443  
0.8373929092  
0.596445735  
-0.01105110707  
-0.5917739441  
-0.2195125399  
1.925564365  
