-0.3434138091  
0.3413525548  
1.445697715  
1.816585471  
-0.06206803101  
0.02374849618  
-1.415129652  
-0.5642899009  
1.014542435  
0.3101749645  
-1.268922952  
1.816396969  
-0.9667058503  
0.4730046211  
0.3465137307  
-0.07289513115  
-0.3447265981  
-1.637862263  
0.5617242939  
-1.239078362  
-1.521504074  
0.5512537157  
0.4195843232  
0.04507912534  
-0.3511778023  
0.221468914  
1.212158791  
-0.4409603009  
-0.8736157544  
0.08528466538  
-0.02916927449  
0.07826366869  
-0.1830048505  
2.689415569  
-2.11254275  
-1.878315044  
-0.008222155958  
-0.8504180933  
0.4319079157  
-0.2602958082  
0.08823105951  
-0.9731387317  
-0.390572583  
-0.1073624619  
-0.2993133472  
1.205540224  
2.239242736  
-0.4702497248  
0.4876128177  
-0.09009370588  
-0.2565056048  
1.10676984  
