1.657368364  
0.7848024132  
0.2522122908  
-1.467807621  
-0.5210206107  
-0.6542892385  
-0.2344994816  
1.422209996  
1.371413189  
0.8841170149  
0.02019351221  
0.1237162712  
0.469711868  
-0.885767075  
-1.279231852  
-0.9903085229  
-0.1612189498  
0.1215745181  
-1.05545078  
1.016831758  
-0.9855634526  
-1.148790297  
0.9072664409  
0.03353010576  
-1.877263849  
-0.6851441751  
0.8708672954  
0.174799285  
0.3630853511  
-0.4350764006  
-0.5635986185  
-0.162157741  
2.432088303  
-0.8732535074  
0.4146046531  
0.2762212043  
-0.2301056385  
-0.4882446796  
-0.9788475013  
1.020301882  
0.7955336773  
-1.511690675  
-1.167089824  
0.1195783496  
1.226508769  
2.068534177  
0.5815430308  
-0.894935147  
1.818442157  
-0.2650291297  
-1.253214698  
-0.4574564111  
