-0.6347909784  
0.02643490657  
-0.9660682419  
-0.6338077725  
0.6895558467  
2.213229011  
0.9754709333  
-0.3044248748  
-0.04387916674  
0.9287191688  
-0.2448661605  
-0.6746054245  
0.5580129473  
0.6588885994  
0.101724684  
0.8395704294  
-1.203860961  
0.589815154  
-1.115994792  
1.446992781  
-2.154108188  
-0.05605659958  
0.3014195992  
-2.051734936  
1.015416339  
-0.927869512  
-0.6864782251  
1.095156534  
-0.354564696  
-1.270573057  
0.8845110691  
1.052737825  
0.3282637545  
0.8712651304  
-0.4540654084  
-0.7567882298  
0.5842231532  
-1.42390202  
-0.8229961208  
-1.473822244  
-1.420897054  
-0.2942220379  
0.03482845356  
2.476947373  
0.8248961057  
0.3638255634  
-0.4190699338  
1.128647009  
-0.562273303  
-0.07546466437  
0.01730588618  
1.019326346  
