0.06865506906  
0.04845602473  
-0.2856880682  
-1.793801841  
-1.425570001  
0.1024665466  
0.8092174317  
1.139477696  
0.2569484859  
1.159253836  
1.424380662  
-0.6636815718  
-0.08516655479  
-0.2179302367  
-1.813469128  
-1.086590973  
1.487929681  
0.912206682  
1.420439445  
-0.6631759587  
-0.4731874972  
1.414366531  
-0.3410921569  
0.6864188936  
-0.3059762986  
-0.4810981669  
1.158601105  
-0.2581233335  
-0.6920541409  
-1.432544847  
-0.7408150988  
-0.4898181759  
0.495654237  
-0.2753179299  
-0.6483836331  
0.4097931772  
2.32708392  
-0.2895055018  
-0.7349263829  
-0.4143635047  
-0.1693055374  
-0.1265305856  
2.056314141  
-1.143878203  
-1.103981157  
-0.4871700868  
0.8044491637  
-1.218429544  
0.9454416207  
1.966095811  
-0.3747046917  
-0.8573693512  
