-0.4585009362  
-0.4699307669  
0.8391526393  
-1.261750686  
1.294122404  
1.120992722  
0.2463500679  
-1.209369916  
-1.011918293  
-1.555228721  
-0.5195734903  
-0.2997724537  
-0.5694145047  
0.2123262489  
0.5982660092  
0.080413405  
0.5820133889  
1.175715453  
2.031903362  
-0.486460102  
-1.271339041  
-0.3867132538  
0.5579867934  
0.02361869691  
1.509856517  
-0.00176153989  
0.2229451238  
0.605386752  
-0.6274861303  
0.8727374579  
-0.2614463089  
0.5586505727  
2.274798537  
-2.611356003  
-0.6249509975  
-1.259832457  
0.6624081614  
0.0298342802  
-0.1162421155  
-0.6458765654  
0.8080602626  
0.8432713313  
-0.9748575789  
0.6123207131  
-0.6802039321  
2.158487233  
-1.450516534  
-0.2720147474  
0.2398305126  
-0.7843806459  
-0.987923863  
0.6373729371  
