-1.769725011  
1.029960732  
-0.1114050937  
0.08614289812  
-0.1450304033  
-0.4678456574  
0.354891145  
2.29095409  
-0.3538189719  
0.3787150685  
-0.5482541747  
-1.451923508  
-0.159301798  
0.7921643087  
0.8726477579  
0.8725788819  
0.8683467985  
-0.3767073779  
0.4862012708  
-1.756562723  
-1.057225187  
-0.2941499854  
0.2867024028  
0.2303468344  
0.4839781494  
-1.014542908  
-0.5380622115  
-0.9042279766  
1.545151812  
1.231986789  
-0.5062833865  
-0.7393094765  
-1.249930446  
0.4013752392  
1.124010775  
0.3037279156  
-0.2789938309  
0.08789847035  
-1.116825669  
0.6860641733  
-1.323635762  
0.9577475607  
-1.789061101  
0.9862286248  
1.44436981  
2.215698515  
0.4215246486  
0.05077677473  
-1.843962669  
-0.8224854978  
0.6551740146  
-0.5260946355  
