-0.1026601203  
0.2019134303  
1.870411391  
-0.4475471442  
0.05610852944  
0.5617807673  
1.383054447  
-0.6267375052  
-0.02513215409  
0.6806035877  
-0.5066443945  
-0.3224198904  
-2.742525248  
-0.8500607511  
1.419188671  
0.5637836696  
-0.06856236455  
0.7491071173  
-0.5140236528  
1.220418391  
-0.4614019888  
-0.7552382269  
0.3814467902  
-0.1179423545  
-0.01042172093  
-0.3857347336  
0.8355174639  
-1.25771362  
-0.5315335976  
0.5062991342  
0.2342180328  
0.2258303151  
-3.072318109  
-0.2397655472  
-0.626487487  
-0.4092933603  
-2.027071632  
0.5509206616  
0.6703058646  
0.01089936444  
-0.1763597303  
-0.368497217  
1.061138221  
-0.3374952327  
0.4236467499  
2.53520558  
-0.285740962  
-0.07708717788  
0.9625775363  
1.347160432  
-0.04386304512  
-1.061257179  
