-1.360833146  
0.4062023464  
1.044037148  
1.270798655  
0.3615295438  
-0.5096865896  
-0.553214836  
1.327394929  
-0.02131833507  
0.8248589506  
-0.9433052832  
-0.3493374512  
2.475748903  
0.6969361013  
0.5985800708  
-0.6270286912  
-0.7513068088  
-0.345004076  
-0.07801010196  
-0.7631471491  
-1.132253105  
-1.700268131  
-0.1052693723  
-1.131731251  
-0.37971744  
0.9529071689  
1.06713232  
-0.6507538614  
-1.031148938  
-0.06775354053  
-0.4362928918  
-0.8770803396  
0.4358732807  
0.5299878033  
-0.8909619323  
-0.9572275362  
-0.9089555083  
1.730599601  
0.138905888  
-0.07784941397  
0.04768832731  
0.2046766967  
2.296153467  
-1.172713353  
-0.8177547127  
0.4708012515  
-0.02255714985  
2.599411169  
0.1745513602  
-0.0753947305  
-1.589413905  
0.6725145995  
