0.07152577393  
-0.467630951  
-0.7212380344  
-0.491724634  
0.3779087083  
-1.321862609  
1.750067008  
-0.7440910354  
-0.2135575929  
1.38813843  
0.666845929  
-1.117677237  
-1.511157388  
0.1567282622  
0.9079888368  
0.4096353097  
0.04143287834  
0.4113019743  
0.8255379668  
0.01329835977  
-0.4054076598  
-0.4336338116  
0.2473744254  
-0.07738325828  
-0.6692957167  
-1.206123008  
0.7425388177  
0.6503379976  
1.672901267  
0.4368762935  
-2.219173415  
1.255054908  
0.3399934396  
1.296503741  
0.7198570377  
-0.85128913  
-1.625584035  
0.7505366378  
1.054387645  
-1.525453006  
0.8874655709  
0.2203310565  
-0.7952660404  
0.98220039  
-0.6398344042  
-0.6891697593  
0.5831145663  
0.5066325641  
0.5235288923  
-2.554093094  
-1.1143332  
1.504934334  
