-2.038386444  
2.604387423  
0.08730355061  
0.08713461271  
-0.3182261276  
0.2428686437  
-0.09476778022  
-1.192674179  
0.2702955431  
-0.3152769746  
-0.09818273774  
0.4782804909  
-0.5531493606  
-0.004678608078  
0.5463937108  
-1.017890586  
0.3372497292  
0.65521409  
-0.01836335222  
0.9867434994  
-0.1594024716  
1.412075466  
0.2614104194  
-1.613454942  
-0.7430106424  
1.208494228  
0.2669215107  
-1.830145209  
1.816254981  
-1.151574418  
0.1953424886  
-0.4122392119  
0.2339763097  
-0.683544756  
-1.007976583  
1.364530506  
-0.4674465585  
0.4025654826  
1.294960287  
-1.812285736  
0.6044159033  
-0.01489299074  
-0.6054223411  
-1.321366429  
1.894802165  
0.9754528482  
0.2960930696  
0.4416974155  
-0.611369348  
-1.749976304  
0.6221418871  
0.2486978293  
