-0.2763381347  
0.2736318578  
-0.9362771127  
2.563072466  
1.313701449  
-0.5940683119  
-0.05055920719  
-1.023748984  
0.5493350269  
0.5219347844  
0.07096941283  
-2.174147594  
-1.041070918  
-1.217833247  
0.1842395927  
-0.5601181353  
0.7184055987  
-0.4731926202  
0.3244268597  
0.9922480268  
-1.042527158  
0.6958582387  
0.009377289007  
2.492385323  
-0.737480086  
2.225041042  
-0.4702448575  
0.04964780892  
0.3159864766  
-1.305796564  
-0.478277279  
0.1547327598  
-0.8019283627  
-0.7203781148  
-0.2904814226  
0.8837569998  
0.248428085  
-1.343399738  
0.3868474093  
0.6867057121  
-1.017087615  
-0.3706769138  
-1.242018741  
1.162452951  
-0.6554522136  
1.276327788  
-0.8463450296  
0.5801777938  
0.3870172395  
0.8687563475  
-1.140848518  
0.8748325391  
