-1.200074226  
0.4955752684  
1.609327914  
1.103194814  
0.3379053069  
-1.409148466  
-0.3945420004  
-1.089619186  
1.666819809  
-1.102177149  
2.301312244  
-0.5110479161  
-0.8488192567  
-0.9409949532  
1.267703612  
1.207971677  
-1.438020106  
1.721296963  
0.4344960561  
-1.50476278  
-0.9961446398  
0.7291233466  
0.08729368853  
-0.5204255892  
-0.6998088614  
-0.19474549  
0.554776529  
-0.8156748897  
-0.4473958381  
0.3429921099  
-0.1755706708  
-0.8176742233  
-1.094515387  
-0.5095736696  
0.7120448726  
-0.7489130996  
2.175379608  
0.4197706688  
-0.6858935241  
-0.6108784623  
-0.2182833836  
-0.6055284932  
0.2816704315  
0.2199745805  
1.239419906  
-0.756118528  
0.1517889037  
-0.8695990494  
1.759012593  
0.9644287478  
-0.553244055  
-0.02408575469  
