-1.388033028  
0.04059327731  
-0.3924249146  
0.5145333409  
0.4692955049  
-0.09392437876  
0.5859000792  
-0.6312123717  
0.0625922509  
0.4618363335  
-0.6874067297  
0.8923399559  
-0.378098461  
-0.609895526  
-0.7433397309  
0.4413011833  
2.414584299  
0.9171228864  
-1.681222802  
0.1333537405  
0.5128341627  
-1.403158739  
1.917153631  
-1.069912789  
-1.396825615  
-0.1946762651  
-0.6313174163  
2.292088853  
-0.2140029074  
-0.8000661286  
-0.7790821567  
2.174811849  
-1.259770684  
0.4187270365  
-0.1653879207  
-0.3057029821  
2.352683708  
-0.5490511112  
0.7764741286  
0.4363070616  
-1.381564914  
0.7789107463  
-0.6307453994  
-1.230758943  
0.8137828516  
0.06922849803  
0.4982087768  
-0.4181469932  
-0.3493588859  
0.275773008  
-0.6548299559  
-0.2105194128  
