0.2871913505  
-0.4908958997  
0.5729431308  
0.5909756806  
0.4834331128  
-0.2989578143  
-0.4603872357  
0.3336869127  
0.3729025478  
-0.05243707669  
0.5439752154  
-0.05308969472  
-0.228857373  
-0.1658420583  
-0.3577242484  
-0.7278038838  
-0.5278647055  
0.2075118306  
0.6164498756  
-0.4404722593  
-0.2655648113  
0.001297687194  
-1.583325089  
-0.7778551446  
-0.9744978312  
-0.4688896696  
-0.5686755839  
-0.3296907902  
2.699208307  
2.610212919  
-0.526702882  
2.112783793  
-0.255280559  
-0.6135029826  
-1.203759281  
-0.5337253311  
0.299526058  
-1.039113469  
2.104380823  
-0.7067924233  
-0.9905305903  
-1.09725839  
0.16886329  
0.7359478347  
0.6374936356  
2.172637138  
-0.8066781295  
1.821785289  
-0.5217896422  
0.225608917  
-1.219481483  
-1.311369016  
