-1.215879657  
-2.042886738  
1.827567269  
-0.1776451677  
1.53926248  
-1.383729555  
-0.4094838767  
0.4083211498  
0.7203423659  
-1.046297324  
0.4186254573  
-0.435474227  
-0.2251285601  
0.2812281549  
0.3777874706  
-0.6465472418  
0.4086762448  
0.6298190284  
0.633513542  
1.051815974  
1.384669406  
2.548347257  
-0.320230699  
-0.7478117098  
-1.419895364  
-0.4881071273  
0.3557044672  
0.7720502134  
1.288098646  
-0.5351755686  
-0.6625326289  
-1.217532383  
-0.2358481711  
-1.07724125  
-1.002721442  
-0.9947253674  
-0.4633917584  
0.052548318  
-0.1721984296  
0.9745784173  
-1.24623152  
-0.7679024076  
2.057391261  
0.6832103292  
0.5456891537  
1.051740431  
-0.03779962818  
-1.374166276  
-0.2986196301  
0.6301992694  
-0.9118982243  
0.9159156279  
