-0.9633294997  
-0.9415901149  
-0.1371224593  
1.424615079  
0.6688497307  
-0.7531989468  
1.069295317  
-0.3927895957  
-0.3575401421  
-0.5890466915  
1.850334376  
-0.7207750942  
0.965523367  
-1.382105294  
1.213927104  
-0.4540835378  
-0.127059793  
-0.5987261932  
0.7908395809  
0.1890578961  
0.2266721788  
0.1457833193  
-0.5064422561  
-0.6040612036  
1.117841173  
-1.171810961  
3.039724934  
0.1922057737  
-0.5612430583  
0.01936105785  
-0.8458073072  
0.1933091327  
-0.5583341121  
-0.9749967767  
-0.3566055127  
-0.8715803404  
0.595860032  
-1.989681969  
-0.2461207907  
0.1600015544  
-0.5059280529  
-0.06671666101  
-0.3101547163  
-0.225022927  
0.7339589719  
-0.2656965974  
1.543632679  
0.003295911334  
2.41569996  
-0.2611783713  
1.170214452  
-1.991254605  
