-0.3877246006  
1.348138707  
-0.2272460911  
0.4745243505  
0.1435507239  
-0.7056638964  
-0.1487135283  
-0.5711258931  
0.8986796165  
1.082493848  
-0.9369349136  
0.7753010398  
-0.522278573  
-1.065337481  
-0.6542408997  
-1.11605782  
-1.372955498  
1.145291544  
3.327418348  
-0.8937197682  
1.148363911  
0.5129210537  
-1.911641889  
-0.879664311  
0.222873278  
-0.1053112958  
-1.285946826  
2.344256219  
-0.9170876063  
-0.09112595494  
-0.274833608  
-0.1844565768  
-0.2526888834  
0.8231385147  
0.7441373152  
-0.004689800732  
-0.03140164924  
-0.7532256895  
-1.016902692  
0.1746719588  
0.307370381  
-1.626116823  
0.7009227639  
-0.3379094171  
1.111055638  
1.528957942  
0.1585579996  
0.1970702049  
0.7073887901  
0.2129573907  
-0.8810314268  
-0.9340081269  
