-0.3010087131  
-1.446204381  
1.79023032  
1.039177601  
-1.143166105  
0.8567806057  
-0.9423398472  
0.1048683316  
2.594962417  
-0.06896761493  
-2.156802299  
-1.86533754  
0.3355121342  
-0.9004331359  
0.5225690692  
0.9184630717  
0.1532081092  
2.180988943  
0.2363737611  
-1.645251689  
-0.9530468019  
1.028602088  
-0.5737338234  
-0.2025746543  
-0.1397140595  
-0.5809712002  
0.07545586298  
0.04466419113  
0.3282960225  
-0.20724671  
-0.5589280619  
1.307213816  
0.629913605  
-1.327066444  
0.6467072533  
1.767521628  
-1.420414743  
-0.6129826928  
0.9533388949  
0.2936582608  
0.6126951717  
-1.259951879  
0.3477256974  
0.05477721877  
0.03441422872  
-0.0887972783  
0.7372328929  
-0.1004238984  
-0.4870961374  
-0.3159133357  
0.1234448518  
-0.4204230033  
