-0.2844325896  
-0.5353365906  
2.859848512  
-1.348173316  
-0.196753168  
-1.045595289  
0.04984069887  
-1.361151502  
2.676181759  
-1.102181396  
0.9638863445  
-0.8638698754  
0.5310430031  
-0.4037754886  
-1.111896773  
-1.763361468  
-0.03730424875  
1.341075093  
1.171208118  
0.1410395814  
1.323759082  
1.310974578  
1.294851263  
0.478705306  
-0.7160686139  
-1.212138597  
-0.2528134884  
-0.4914658037  
0.04865762819  
-0.5196808574  
-0.05484342993  
-0.01219387762  
-0.9972103563  
0.7126634965  
0.1003905432  
-0.5345460948  
-0.0885590653  
-1.16984741  
-0.363211687  
-0.2684212956  
-0.7467603239  
0.6406082299  
-0.549762834  
0.1143075144  
-0.8933022554  
1.165683666  
-0.3041626256  
2.157228198  
0.2704770667  
0.1011781098  
-0.1378808779  
-0.08690659311  
