-0.6373933823  
0.1190241237  
-0.9159923097  
-0.5515216754  
2.14289495  
0.4293965943  
0.6369062307  
-1.651098455  
0.2251674737  
0.6630148136  
0.1227247808  
0.5085949727  
-0.3580299358  
-0.9749694511  
-1.302953326  
2.642458771  
-0.8791031292  
0.948929917  
-0.6942845959  
-0.7880615276  
1.197950943  
-0.2888846694  
0.1754488285  
0.03043679359  
1.026443636  
-0.2309029151  
-0.2350195504  
-1.548490203  
1.003481579  
-1.181850861  
-0.6668580779  
-0.6047129983  
0.9875003651  
0.1547629024  
-0.4610241877  
-0.5463784289  
-1.045369021  
-0.8079047674  
1.622219367  
0.5380454353  
-1.4217191  
1.749783633  
-0.419622307  
1.365012435  
0.07670900646  
0.9111983461  
1.313725647  
0.06482018301  
-0.04609896054  
0.3883165256  
-1.433533208  
-1.35319121  
