0.2106371139  
-0.6748035117  
-0.612971971  
-1.694415582  
2.051948899  
-0.3759123642  
-0.8619284753  
0.3364831539  
1.087496551  
-1.059387646  
1.09182077  
0.7958523112  
0.05116193498  
-2.222623873  
1.534779383  
1.168497589  
1.245056906  
-1.333644812  
-0.3151534354  
-0.4940218509  
-0.4744130544  
-0.0123847447  
-0.08193046306  
0.9457781132  
1.159576153  
0.1348420469  
-1.721464929  
0.1412934469  
0.8833827631  
0.1040345122  
-0.5342969437  
0.9868018724  
-0.0613761203  
-0.3482777049  
-0.6147273861  
1.051398682  
-0.1005329607  
0.52948022  
-1.824017696  
-2.240918056  
0.6416578065  
-1.161665043  
0.8526499855  
0.2344153422  
0.2930611086  
0.9785787314  
0.8936283997  
1.344244557  
-0.343554389  
-1.038516788  
0.0953524801  
-0.6409710314  
