-0.2009535572  
1.017764732  
-0.3797229324  
-0.02888872411  
-1.12745177  
-0.4366269532  
-0.3098761504  
0.3547479281  
0.5453464757  
1.446027429  
0.2718042884  
0.9052442326  
-0.2287114296  
0.01372701961  
0.7721389126  
-1.444646921  
0.5892092727  
0.4233792771  
-2.76959237  
0.02967221878  
0.4684477288  
-0.6969702602  
-0.7761649715  
-0.575050187  
2.589445071  
0.1447785656  
-0.04140565593  
0.2649179782  
-0.6447259203  
0.317266756  
-0.5005388205  
-0.5784809246  
0.6449328184  
-1.006638675  
0.5460698516  
0.3619774633  
0.3993520864  
2.193664486  
0.689954545  
-0.06236884031  
-1.76106903  
-1.103482628  
-1.731815219  
-0.003312521525  
-2.311708457  
-0.209628612  
1.086842113  
-0.1305362413  
0.02318632761  
0.6635806048  
0.9926098937  
1.304279695  
