0.9202442203  
-0.3331329751  
1.47300155  
-0.3493149422  
-0.9842258161  
-1.408671698  
-0.4955423485  
0.6054910642  
-1.148022189  
2.18835116  
1.050101732  
-0.3698678378  
-0.2984078791  
-2.21790319  
-1.229114015  
-0.05826470773  
0.7105979992  
0.362635688  
0.196173019  
-0.370070398  
0.510732487  
-1.740840186  
0.2043021921  
-1.219145372  
1.024057948  
1.517450971  
0.3126983886  
1.110681691  
0.2828818397  
-0.8268457986  
2.470602607  
0.06741738792  
0.9598810525  
0.5278945231  
-2.118179056  
0.06171231761  
0.3080545184  
-0.3590347492  
-0.6654139391  
0.5029486785  
-0.14153502  
0.4886453416  
0.2460767123  
0.9202873716  
0.1381572742  
-1.17507286  
-1.015349428  
-0.4244891358  
-0.3823919775  
-1.253189772  
0.7949110321  
0.6280345234  
