0.3638358288  
-0.8889461633  
0.8412960991  
2.046246982  
1.378694675  
-1.244729382  
0.2974304028  
-0.08219835559  
-1.157013663  
-0.3379038731  
-1.244131008  
0.9305294758  
-1.035826084  
-0.2286959586  
-0.03829792564  
-1.080805012  
0.5273870031  
-0.04641151505  
-0.2632959888  
0.00797409792  
0.810148393  
-0.8173290722  
0.3750273075  
-0.2596298852  
1.316398466  
-1.546807729  
0.5032234184  
-2.426534936  
1.031060816  
-0.5348348752  
0.8064421269  
1.19653451  
-0.01384823466  
-0.5239539516  
2.357378704  
0.5059400102  
0.5648006596  
-1.020363499  
-0.1683272398  
-1.801995966  
0.434724748  
-0.5568702649  
0.3759828555  
1.269502771  
1.05041818  
0.563433689  
-0.2471961945  
0.5088145577  
-1.008881091  
-0.03961856317  
-1.971417556  
0.5226382101  
