1.111535996  
0.8787229363  
-1.096954138  
0.2358155357  
1.56642009  
-0.01078659202  
-0.9979077055  
1.287588567  
-0.06167735305  
-0.6471247053  
-0.7279645559  
-0.8373034987  
-0.3417322709  
-0.09024397684  
-0.4802670676  
-0.8656622921  
-0.1047792438  
0.09309298425  
-0.5159430708  
-2.172738807  
-0.1557642831  
1.284652181  
1.198341469  
-0.3195915725  
-0.2854456793  
0.8120614085  
0.3969032304  
-0.2831348174  
0.2987947381  
0.09898186825  
1.410507638  
2.092164047  
-0.6714005939  
-0.6257953878  
1.372549558  
-1.542768037  
-1.532284911  
1.172359355  
1.005431075  
-1.529402888  
-2.495555629  
0.1585840485  
0.4660875657  
0.2440919415  
0.5474605002  
0.7054868499  
-0.3678205457  
-0.2900233803  
1.374106874  
-1.177904104  
0.955130996  
-0.5388943491  
