0.6306294013  
0.8002305678  
1.710884504  
-0.1427246926  
-1.632980475  
-0.9633015158  
-0.3171388385  
-0.4044544582  
-0.7995222416  
-0.910156076  
-0.2050247917  
0.06440680368  
-0.967905054  
0.6298402719  
-0.06132452659  
1.172416084  
-0.6426024626  
-0.7809331271  
-1.196713341  
0.223307661  
0.5466699179  
0.6517330311  
-0.5668599037  
1.8546256  
0.3364793712  
0.7222706959  
1.655940046  
1.463978965  
0.04487689156  
-1.069679888  
-2.156657582  
0.7938431544  
0.07460237312  
-0.5374087652  
1.013423666  
-0.4956985071  
0.9088016213  
0.165540141  
0.4775545516  
-1.050305838  
-1.268382663  
-0.1835465181  
0.8124152433  
1.719774543  
0.9376458906  
0.6094402657  
-0.900858622  
1.242446932  
-1.279587332  
-1.284840889  
0.5108716623  
-1.956041748  
