-1.076100234  
0.9765109584  
0.4191247137  
0.9670540381  
0.6133515506  
-0.09043073926  
0.05042035043  
-1.443036655  
1.269047925  
-1.011232121  
0.4635134359  
-0.4854994758  
0.3346607087  
-0.4156506434  
-2.237616292  
-0.2887171935  
-0.4824286069  
-0.5508756756  
0.8706533121  
0.4284668072  
-0.06214599211  
-1.60034305  
1.720527236  
-1.122615276  
0.06493764363  
1.269865223  
1.04061652  
-0.02460157231  
1.986070917  
1.720081975  
-1.399314667  
0.2354780855  
-1.013093383  
-0.3384314677  
0.7223856232  
0.1148355799  
-0.1201581659  
0.3250512307  
-1.447954833  
-1.132128799  
0.02512733452  
-0.3936920495  
1.708406815  
0.7884890473  
-1.547734042  
0.8710967775  
0.6245087013  
-1.557158453  
-0.8946340557  
0.722073147  
0.8045308766  
-0.4012930895  
