0.9037888243  
-0.7124794802  
-0.7088705929  
0.7418830512  
0.7082736917  
0.0640595762  
-0.3065795662  
-1.357307856  
-1.129620215  
0.964341833  
0.3532559275  
0.01317393475  
1.351906087  
0.00852028894  
1.765851757  
-0.9555322109  
0.417003653  
1.829488825  
-1.646668415  
-2.0758764  
0.4081170051  
0.7429939153  
0.03963210265  
-0.3304657012  
-1.593830198  
0.003462439905  
0.7430677912  
0.2964278499  
0.1888713136  
0.2193326855  
-0.9838809379  
-1.237697264  
-0.4789490205  
1.011967369  
-0.4353741816  
0.2871287134  
0.4750460884  
-1.385631962  
-0.6285662998  
-1.599363472  
1.204203394  
0.7777549386  
0.4949250054  
1.086288515  
-0.4266576799  
2.515251395  
-1.263277617  
-0.7888912756  
-0.2127900857  
0.3137038481  
1.12006411  
-0.7914754961  
