-0.4152432575  
-0.09831963053  
-0.02997446786  
0.581075493  
1.382960009  
-0.4241011416  
-0.7171613617  
0.01824632681  
-0.179207612  
0.07718629755  
-0.3079163162  
1.960125157  
-0.9852435833  
-0.05162829348  
-1.089186294  
0.910270103  
-0.1828739765  
0.8602170241  
0.5858868909  
-0.0003361533544  
-1.210520579  
1.658082056  
-0.3397833707  
-1.04793503  
-1.131012182  
-1.410387633  
1.457797122  
-0.0992462921  
0.459825798  
-0.3910227461  
0.02553159592  
0.5079424756  
-1.885851753  
-1.376553265  
-0.6272400265  
1.037313407  
0.4090252215  
0.9354298985  
-1.068773493  
1.329223919  
0.6588976119  
0.1358963252  
-0.9717038624  
2.019703257  
-2.036452381  
0.1666734734  
-0.1394105058  
1.883749349  
1.178725617  
-0.7396071215  
0.220721641  
-1.50381374  
