0.742189098  
-0.5617249185  
-0.4118315878  
0.5785027294  
0.6882590987  
-1.520860022  
1.60732279  
0.1065645523  
1.145365729  
-0.3075960834  
-1.723692057  
0.9377638136  
0.09041799386  
-1.086405594  
-1.211276037  
-1.111883418  
-0.4803164186  
2.24802752  
0.2523863325  
1.62213805  
-1.550358138  
1.20175247  
-0.2650902785  
1.113266838  
0.6750423993  
-0.1411940466  
-0.7641985285  
-0.6687566832  
-1.110392075  
0.5940025702  
-1.378982202  
-0.1334922284  
0.3403084387  
0.3950338881  
-1.545327838  
-1.778202395  
-0.0381091514  
0.6077061004  
-0.07268167596  
-0.3066649193  
0.3128323542  
1.460360239  
0.1966281393  
1.070431322  
1.574653332  
-0.8116624805  
0.5977521593  
0.05113601164  
-1.234044555  
-0.2875725224  
1.170053112  
-0.8775812267  
