-0.08679630832  
2.195215994  
-0.5684740113  
-0.3140618755  
-0.4049437813  
-0.9140104715  
-0.5694644281  
0.2647563199  
-0.7251558702  
1.47715166  
-0.1220663953  
-0.7301853496  
1.338954222  
-1.816964767  
-0.2104576427  
0.289126436  
0.5395027104  
-0.6218444026  
0.6571930505  
-0.6124505201  
-0.556456365  
0.8369346669  
2.297581761  
-0.512077881  
0.2357274409  
-1.721853703  
-1.381342004  
0.3433142727  
0.2856660487  
0.96806791  
-0.7002525168  
1.047365631  
0.1677465286  
-1.29582496  
-0.09335773788  
-1.177693456  
0.5769281324  
0.309460364  
1.964396863  
0.7291424723  
0.5598676404  
-1.715028239  
1.049862341  
0.5997385263  
-0.2423202745  
0.09247118166  
-1.208966202  
1.22321758  
-1.476421001  
1.109011448  
-0.4019754083  
-0.9779556292  
