-0.5828780104  
-0.4336472298  
0.4916960954  
-0.9469969751  
0.2998638402  
0.1632688471  
1.607349626  
-0.2385838231  
0.1815364429  
-0.3696927966  
-0.4428094429  
0.1294896072  
0.6235785939  
-0.3827200724  
-1.251167923  
-0.9980962618  
-0.3399611139  
0.8517752929  
-0.006344802885  
-0.3615205114  
1.522522934  
0.8611997968  
-0.5443076681  
1.680453862  
-1.307182911  
0.8350286177  
1.431192784  
0.6922456082  
-1.490963584  
1.797037999  
1.258677263  
-1.222980509  
-0.8537680898  
-1.064838031  
-1.110165997  
-0.4906713058  
-0.5098844292  
-0.9669996211  
-0.4655232528  
-0.3315007406  
0.6463271033  
-1.52335293  
-0.2910407936  
2.136625021  
1.292315046  
-1.215329121  
1.690058031  
0.6205211128  
0.1303844704  
-0.6410118842  
-1.556510119  
0.9973019542  
