-0.462576029  
-0.08376163986  
0.8570327969  
-0.2314904187  
-0.4085907824  
-1.195649643  
1.361341875  
-0.5354035087  
0.7260720347  
-0.528848704  
0.381679759  
-0.2371657312  
1.556121337  
-0.2521053338  
-0.1860063609  
-0.6389993767  
-1.668441698  
0.8849084194  
0.2720715712  
-1.007925739  
0.4976224172  
0.6337111221  
-1.479800296  
1.342533808  
-0.7575071288  
-0.1551995943  
0.4085225017  
0.6749520555  
2.0574735  
-1.410947315  
1.422230603  
1.982070662  
-1.443365925  
-0.9944545985  
-1.111735052  
-1.508584369  
0.7662711312  
-0.5153975323  
-0.226397309  
0.9602727111  
1.121025583  
-1.075529417  
0.6462636419  
-0.7064105199  
-0.8628746745  
2.106963783  
0.7750980717  
-0.9021794745  
-0.1332340881  
0.2315628087  
-1.091851349  
0.1466314159  
