-0.4324399262  -0.4271114412  2.071333235  -0.9638987003  -0.5444926957  -0.5174531859  -0.3879391317  0.9579111656  -1.215527505  0.9146553128  -0.869488041  -0.2940730764  0.2210752222  -0.6112041913  1.051957201  1.114405114  0.1171840086  -0.01067897427  0.7660294437  -0.8858156709  1.442630297  0.4440677166  0.9193484864  1.512636772  -0.5599965209  2.020695502  -1.091732531  -0.8747959943  0.461609125  1.030889503  1.859987446  -0.6786971306  1.170225667  -0.3594146952  1.231638084  
-0.5525222241  0.435588488  -0.391732228  1.420827669  -0.6906591  -0.6687001845  -1.472951893  -0.678603803  1.245655555  -0.3398210185  0.09256147432  1.244620685  1.501019278  1.264553773  -0.946627192  0.1713470996  -0.4424289297  -0.3272921491  0.8451101371  1.253577932  1.023572258  0.5017942383  -2.000891584  0.7638564246  0.6403748337  -0.7279401155  0.8974797632  0.5444988699  0.9402308013  0.08363231095  0.6264823748  -1.064686488  -1.369498387  1.006677346  0.8422931304  
0.6425952016  1.423370673  0.7502477776  2.411109202  -0.3612669054  -5.267422455e-05  0.9228309701  0.518794772  -0.6026274543  -0.8552054076  -0.3942108546  -1.879378405  0.6917548004  -0.3769872455  -0.4589675897  -1.989141163  0.6232637956  -1.763515576  -0.649162468  -1.485428747  0.5391810341  0.2881468066  1.624291451  0.1143430121  -0.9157781257  -0.1224928059  1.358628562  -0.2765129744  -0.05211416533  0.1428634835  -1.512896836  -0.750504934  0.3812032529  0.6145748965  0.8057494046  
-0.5469525752  -0.4501921667  -1.395339389  -0.8693274873  0.8168849015  0.4317708618  0.3544930739  0.4943888764  0.7628788621  0.6348795955  0.4842215391  2.131869392  -0.7048765195  0.9625954871  -0.7969226511  -1.73861219  0.8156200329  -0.115825392  -1.742451513  1.324173396  1.213546758  0.7974641666  0.7338242572  -2.15552965  -0.2867289816  0.8244724703  0.10711372  -0.5535752716  -0.4000823877  -0.336244059  1.30994893  -1.278622923  1.023540767  -0.717720254  0.2568819224  
-0.1201126751  -1.890819968  -0.1820990144  -0.9965075986  -0.628640365  -0.4090122049  -0.4216313374  0.06853767822  -1.355688787  0.680054372  1.469049818  0.5019221518  -1.892163092  -0.3172618569  -0.268608915  -0.9973488108  -1.140657815  1.421543517  0.7282650323  0.292913256  0.427205146  -0.2454956324  0.5818517664  1.277286659  0.3897104254  0.4551735975  0.1724188016  0.2286167644  -1.359253538  -0.7499898212  -1.277099879  0.7944654874  -1.25499482  2.046517827  -1.160522669  
-0.5322992071  0.2430286448  0.1282401146  -1.322932951  -0.5278725112  -0.5172690544  -0.1503525305  -1.466233592  -1.117940692  -1.024108919  1.249714824  -1.225317773  -0.02921561907  0.6164695105  1.052054903  0.9892899985  -0.5150880672  0.7454818875  -0.8384288967  1.133620454  -0.5170648733  0.3131575216  -0.5508049466  -0.4798431116  -0.9630027017  -2.60114425  -0.6042569778  -1.558093941  -1.545955236  -0.4464013861  -1.196883891  0.1980051972  1.277905019  -0.647431476  0.1571232675  
-1.673032803  0.7759614636  0.368928121  0.6220531599  -1.190176171  1.431125001  -1.122695421  -1.246939495  0.2831471323  -0.3518174132  -1.402309772  1.604670126  -0.9777410822  -0.2362416741  1.929703745  0.5124193266  0.9404126906  1.518423793  -0.4534714171  -0.6780747625  -1.426086615  -0.8103297768  0.8194332179  1.043452436  0.1337055575  -0.4696458955  -0.05155790165  0.7899406923  0.6665636649  0.1961403776  -0.1462721072  0.3176717393  0.08571328549  0.5833586476  -1.499405937  
1.46879488  1.134611951  -1.265080348  -0.7990212694  -0.21701186  -1.872176367  -0.7362738916  0.3924890513  -0.5597682066  -1.038017389  -0.6517859164  -0.5394589971  -0.7068315802  1.315764904  0.331689299  -0.4026627897  0.8542837856  0.114719629  1.803361258  -1.001895362  -1.335599739  -0.4580453724  -0.01030902985  -1.268357805  0.8244772099  0.7661342383  -1.055819933  0.761458342  0.7319942078  -0.3874344596  0.5039856122  0.4551958523  -0.5325026613  -0.8666682224  -0.1420640593  
-0.3305740239  0.4678266944  -0.476474464  0.3208214993  0.5844177813  -0.4228723089  -0.2464656352  -2.839089922  0.1012089023  1.126154895  -0.6231836447  -0.2932197282  0.05679199517  0.05365847147  -0.3931338187  -0.7397767635  -0.5121262805  0.1574105296  0.8802377655  -0.707756328  -0.2346717941  -1.759618599  -0.1380317993  -0.8582407517  -0.1539162119  -0.0127827127  0.04687973363  -0.2184331182  1.07436892  0.9787221502  -0.7438884031  1.099595355  -0.2318081205  -2.429939008  -1.340668027  
1.829772848  -0.03813697167  0.0743034413  -0.1198798592  0.3792702431  0.2709475465  0.6154984444  0.9215620009  0.8077518022  -0.3331149131  -0.1385422726  0.8829851172  2.06064303  -1.671405871  -1.168861055  -0.555037673  -0.4130548751  0.6931810247  -0.5020343485  0.172806288  -0.5916175323  -1.270030837  0.3106653752  0.6856435542  -0.3144726429  -1.310590017  -0.3855913081  1.304739035  -0.8806646598  2.872164127  -0.3148538107  -0.1608685409  0.1946406866  1.043964245  0.6779596323  
0.2698926483  1.471742461  1.359003054  0.06336533086  0.5303490738  1.274629103  1.018790154  1.686166609  -0.6955107787  -0.2747526014  -1.061440187  0.7825052707  1.800765094  -0.1314624723  -0.08271750005  0.4091151506  1.060151353  -1.122945824  -0.127010903  -0.4557444697  -0.08375206634  1.40150602  -1.09061476  -0.9356763258  0.6978030535  -0.8975249925  -0.04056981523  0.6086280582  -2.434270872  -1.020214886  0.5246442624  1.571891775  0.09150258614  -0.190228163  -1.15887723  
0.1566808347  -0.8791053124  1.529974338  0.802736545  0.5980592192  -0.02334953471  0.4544720627  -0.1342915693  1.07167951  0.737751624  1.042738398  -0.3779744645  0.3025662042  -0.5620095453  0.7713959363  -0.3797662903  1.706169099  1.782029905  -0.7861851691  -0.1802877062  -0.1186360705  -0.1947067516  -2.084062469  -0.6080955449  0.3961635004  1.98461626  2.064962431  -0.8037866539  0.7798715034  0.3151789284  0.502031636  1.096372411  0.09389289918  -0.6818001048  1.334217852  
0.01198279021  -1.872927495  -0.03666780972  -0.8052383569  -0.1534727534  0.8094587299  -0.4193754935  0.2347645589  -1.188063151  0.1705298121  0.3711267407  -0.1030678862  -0.6215506442  -1.655553612  0.05012337987  0.8052603501  -1.214351302  -2.387731047  0.1722289253  -0.510345382  0.4343201472  -1.235015524  -1.415379677  -0.3106392824  -1.032230392  -1.511309216  2.488783997  -0.0355658064  1.198696378  -0.9833111554  0.9796826851  0.0794057257  0.3893770762  -0.8646480721  -1.38960222  
2.233214969  0.7681276775  0.1510228392  -0.347186657  0.5698376043  1.208258688  2.352396039  0.8723283464  1.382741611  -1.444489884  -0.7396805623  0.8963422053  -0.5864797396  0.3535484104  -0.3277166397  0.1840690394  -0.9275551135  0.9044317457  0.3117754129  1.054755559  -0.8344771  1.228236337  -0.1698897645  1.511484008  -1.907570606  0.4304221472  -0.3417409351  -0.2130347225  2.373871972  -1.532439839  -0.8340416237  0.2558724116  0.6511432295  -0.821490466  0.9575920929  
0.724053237  -1.358120176  -0.918605786  1.492795042  0.7957457786  0.6757477063  -1.42431954  0.6977685069  -1.234254865  0.661970806  0.4507195412  -0.6678814956  -0.3298225546  0.5434815629  0.4084485401  0.5223324122  0.679303303  0.7779804805  -0.3178170473  -0.08405692824  0.2361759528  0.6096354305  -0.4120595994  0.8472527445  0.09950955184  -1.496323431  -2.230282484  -1.173155413  -0.02060067562  0.5645465463  -0.6587478236  -2.268057936  -0.2702790662  -1.705645675  0.4665439735  
0.9224566805  0.8616677427  1.333489551  0.3475386354  0.5196607699  -1.660607341  0.7125574074  0.3684137255  0.7721784857  0.2788897782  2.383428189  1.185729896  0.1314797854  -0.2054334348  1.01903187  1.679675912  -0.5980947238  -0.1838891263  0.7455817608  0.05115741949  -1.689518424  0.1318378428  1.212508443  -1.54670932  1.956507603  -0.7952030004  0.903575152  -0.9516246107  -0.1597232496  -0.393522658  0.2037717858  -1.049469605  -1.064559821  0.4528974713  1.419619476  
-1.357236955  1.207017528  0.04334777007  0.02523084255  1.9389953  0.491502227  1.232212748  0.09022840636  0.5408361223  0.3025551392  -0.255746733  -1.148168191  0.8500346208  -0.3020923318  -1.424136781  1.829439402  -1.717922577  0.07469702491  0.2103869114  1.526236084  0.4319606988  0.1407467183  0.3731152166  1.039827972  1.880182596  0.4816249771  -0.9938304789  -0.2364116847  0.3322002767  0.6412444582  0.9633424017  0.5849581396  0.7074738362  -0.4227762907  -1.015387606  
1.051457806  -0.9418475712  0.3071403309  1.158389722  -1.68661701  0.3433318706  1.580255092  0.3760425758  0.6686460316  1.501963098  -0.2904139627  -1.089909649  -0.6113912484  0.81215414  0.4801036079  -0.09457219463  0.2449062558  -0.3050193267  -1.686475356  0.531465031  1.415288411  -1.440182168  -0.1801044269  -1.015471763  1.664477793  -0.5757300466  -2.219589407  1.458649956  0.7669126762  -1.022195145  0.4735755448  0.6850154428  0.1607231965  0.8814431781  -0.5864015865  
-1.409984401  -2.015933022  -0.5782002382  -0.6304226525  0.1848278487  1.697676036  -0.8442445952  0.06458834667  0.07571777557  -0.5651086774  -0.2560604402  -1.056361459  -0.3555693951  0.3905634473  -1.704013906  -1.266421102  -0.4949914825  0.03761934478  0.83340004  -0.6428931939  -1.276683528  2.512188323  0.1875041611  -0.5006953312  0.8420534189  0.02328070664  0.03708034874  0.4767996365  0.5431050621  0.3560439599  -0.8340271919  1.319335765  -1.184334348  0.02625001666  0.6052818874  
0.402381148  0.7826138619  -1.254481877  0.1792841628  -1.300186912  -0.2035824862  -0.137042048  -2.082637535  -0.1410529052  1.118035735  -0.752260317  -0.6534860671  -1.57769108  -2.619309249  -0.4920987097  -0.8355429938  -0.7344698499  -1.221864038  -0.4374749426  0.2792127532  -0.7021469809  1.6373702  -0.8607255096  0.407080337  0.2492232915  0.4240628178  -0.6715221822  -0.057086313  -1.504509241  0.5595195074  1.69110678  -0.1153545723  -1.123920691  0.07128181074  0.6826936796  
-1.465037156  -0.3089251577  -1.788155314  -0.04247650696  1.359216608  0.2450313488  1.419876064  -0.3267090217  0.09157196541  -0.9914409255  0.8580601155  -1.881851795  -0.5444008953  0.9034496753  1.436931649  0.1407370898  0.9964134892  -0.5478385635  0.9940522239  -0.8062202573  -0.5737839451  -0.3862550643  -1.341541678  -0.3738892699  -1.535346846  0.7736623769  -1.209792096  -0.8521860783  -0.1340565622  0.5974246712  0.8800712071  0.17360865  -0.7415283183  2.880203541  -0.1793999798  
-1.030189415  -0.09235891821  -1.266251666  -0.2085789779  -1.176428146  0.2564389865  -1.610219938  0.8740000077  2.343198205  0.879421154  0.3535673109  -1.528529166  1.454952772  0.7171196779  -0.4248853311  1.181676372  -0.6347445496  -0.4726219345  -1.413880578  -1.029991446  -0.5546623581  -0.9957916124  1.239612339  0.2170759128  -0.9279466994  0.4407974032  0.2069808032  -0.9126523366  0.1080878754  -1.708897446  -1.247096678  0.4232833733  -0.6562759147  -0.1688748457  0.3155949537  
-0.1391177702  0.6661428211  2.04415413  -2.221156698  0.9249340013  -0.4099910752  -1.733562619  -0.418969663  1.216802563  0.4421591991  -0.6254025357  -0.2487204428  -0.6718473548  -0.1760249089  -0.2438655138  -0.8499957594  0.5883350961  -0.3173388937  -0.01200208571  0.1905507355  0.7948604429  -0.3941304748  0.4436221612  -0.1334806745  -0.2663595969  0.1773809227  -0.9620268317  0.7581117501  -1.300226418  -0.8825993154  -1.005754799  1.307287968  -0.5594195297  -0.2360143651  0.9327343597  
0.9955010286  0.7206687131  -1.114134429  0.108106069  2.020303279  -0.5622598875  0.7276252263  0.08391131951  0.5327670305  1.587819047  1.310270984  1.433657781  0.5671168718  0.5424510025  1.86102698  0.8529311594  -0.1536210534  -1.168920124  0.09456582702  -1.107902746  1.549862501  1.613457433  -0.1238801005  1.081554404  0.03752911841  0.6464702457  0.807316735  2.078053327  0.1771344145  1.185715904  -2.430885328  0.2756894501  1.348116204  0.1954503194  -0.6468923322  
-0.3885672267  -0.8591168428  0.7550873205  1.845277518  1.708711737  -0.4191527946  -1.817961979  0.5845977771  0.1195026143  -1.852014779  -1.48599801  -1.033582879  -1.37921807  -0.03640122567  0.4254974704  0.1364522855  -1.006710437  0.7214049156  -0.3348077237  1.061760182  -0.4863529824  0.4045783786  0.8184497606  -1.343097667  0.3850057483  0.8085655027  0.9883765329  0.8433326057  -0.8162406666  -0.07353326664  0.06525924889  -1.574502233  0.4141798286  0.3533931501  -2.38610942  
0.2891649514  -0.7844616497  -0.5514646093  -0.517277522  -1.326489969  -1.001408908  0.8818646437  -0.5614943425  0.03458934666  -1.64595301  -0.3256779421  0.2718257374  0.8900333916  0.01608805064  -0.09947153062  0.9525339982  -2.567442878  1.229103983  -0.8913095426  -1.124682842  1.294948222  -0.1181721789  0.6079156216  -1.013247215  -1.135203065  1.883312181  0.2504916376  -0.6085217588  -1.260915709  0.1428066854  0.5363611659  -0.1932612218  -1.253204429  -0.5652616866  -1.193311172  
0.4427175004  0.5824472034  -1.100885484  -1.535462694  -0.1368706964  1.753293836  -0.119172429  1.6704327  0.3258984949  -1.758623379  0.317572003  -0.1874362076  -0.7922920029  -0.6670327178  -0.2307495421  0.4608711612  1.787016446  -0.2917900454  0.8893634224  0.08755556221  1.503595094  -1.963031359  0.7956240266  0.2092488043  1.755688043  -0.3484697697  0.8625297824  -0.5811546526  0.07095924382  1.017132551  0.05186672796  -0.3846855355  -1.036404929  -0.3717459981  0.3879713678  
-0.3756135755  -0.6440203113  -0.1535091611  0.9736220322  1.070692097  -0.4274968309  -1.478776862  0.5571243342  -1.134800801  -0.2341617519  0.9580815037  0.9115858372  0.6347265296  -0.05161203468  -0.6682799821  0.08091779736  -0.4561158584  -1.089777361  0.2443225706  0.9243355714  -1.561170591  -1.844477369  -0.5090534223  0.4718673973  -1.778222387  0.9343618201  -1.222854341  1.818261118  -0.1588794614  -1.409280815  1.205489205  1.052758943  0.6145318579  0.2701004258  1.142914213  
-1.52054354  -1.466558469  -0.4523794927  -0.4609779739  -0.3689453302  -1.214185984  1.766990054  -0.6777636508  -0.8422697888  1.159080434  -0.9817110735  -0.5233443115  -0.3494032828  -0.5647763216  -2.167194515  1.045134593  1.780235528  1.192005986  -0.2878546077  0.0867453916  -2.151005938  -0.8398710801  0.1623153854  -0.4861107685  -0.7155528087  -0.1081351396  0.7400840477  1.098035588  -0.2975838776  0.5100901134  -0.8887037603  -1.023296481  0.4404951348  0.3683214185  0.1445715202  
-0.7664612944  0.0713597225  -1.48319149  -0.5572758782  -2.297445046  -0.7996216001  -0.2269628846  0.796860696  0.764905818  0.4710502404  -1.137775501  -0.2728508821  -0.6160462547  -0.6859318697  0.7579761966  0.1338312027  -0.330227213  -0.6083667549  1.993830793  0.9022622137  -0.1295813973  0.5797340612  0.4201761356  -0.8147919737  0.373274294  -0.0930353315  0.8365682823  0.502336635  -0.08425812262  0.07484129922  -0.5317727407  -0.4802634356  3.087544199  0.4500313515  0.9835772456  
0.5314500421  0.3696027501  1.09370467  -0.1740907558  -1.277036636  -0.636865526  0.495926908  0.5255345927  -0.7283455781  -0.1388093683  -0.004177941843  0.5561332045  -0.9615897779  3.329891895  -0.4416194345  0.3682178678  0.5304065822  -2.363877721  -1.693353661  1.545721706  -0.8987317798  0.195079393  0.59626174  2.001765223  0.2152649162  0.4352287896  1.279333712  -0.5506349414  0.17882471  2.028704715  0.1381822235  1.063228282  -0.5674035303  -0.3257145736  -0.4085626071  
1.073544055  -1.033946817  0.5610669966  -0.5596588288  0.5039354404  -0.5987719457  0.2303770023  -1.270267877  1.255129951  0.09092308692  -1.652515305  1.146352534  1.146222626  -0.3551497166  0.5223401889  0.7495324616  1.800069516  -0.902202581  0.2459305217  -0.06002547572  0.6369665274  1.311391277  0.8135353386  0.4853130239  -0.4206031064  -1.289861631  -0.1270891949  -1.142063083  1.091233241  -1.662553175  0.3765567086  -0.3179960419  -0.4645172994  2.058353779  -0.3616925152  
-0.09903677156  -0.1018055082  0.1116228289  1.161953352  -1.514392116  0.8487091647  0.3368853203  -0.4563068377  -1.155350621  -0.7265524524  1.302106544  1.546893241  0.981662496  -0.3420898162  -0.938515664  -1.243765335  0.1540672186  0.3079660948  0.973669647  -1.121650621  -0.3748678099  -0.1628987556  -0.2959417545  0.4058398457  2.072991279  1.265334305  -0.8230165122  -1.83093156  -0.09679352446  -1.200457193  -0.7762881023  0.5018466206  2.028612176  0.3657618803  -0.70915254  
0.7564372961  2.247858792  -0.8946553309  0.6633084995  0.86107333  0.1705540169  0.341550305  0.0125414609  -1.281618042  0.9535408702  0.2457338606  -0.3949050551  0.7054848155  -1.100241423  1.253151699  -1.028143421  0.9043806882  0.8930565077  -0.1833131802  2.502950838  1.023807899  -0.3254658635  1.288775957  1.775949732  -0.1456238067  0.2069451189  1.501368069  -0.4721863344  -0.06876110378  -1.762691406  0.1380703171  0.183171211  -0.8193810404  -0.2856621124  0.2138998566  
-1.356621213  -0.9035814274  -0.5875121223  -1.747253247  0.1550976813  -1.007230388  0.1458874143  -0.5293204014  -0.6202677994  -0.6283046539  -1.574040549  -0.3728893284  0.9988772799  1.877629893  0.4127664099  -2.725160235  -0.9594439026  1.286562804  -0.08872843092  -1.251849807  0.02241029054  -1.310076454  -1.265043117  0.9046895464  0.2543068523  -1.16939234  0.6952616738  0.2431900343  -0.9631391328  -0.3918905732  1.184986918  -1.404232144  0.6848490926  -0.1827346964  -0.0379232838  
-1.722903368  0.6512306582  0.5158856676  -0.15378641  -0.6909851253  -1.151711572  0.02797707512  1.444568161  0.3355478535  -0.02417075076  0.7552062695  1.42759554  -0.6803889433  -1.336530043  -0.4867598064  -1.19173202  0.3564009895  -0.4381304411  0.494164303  0.1919569193  -0.02934260685  -0.6020287383  -1.05159145  -0.9080963881  -2.05711283  -0.04094722743  -1.786568247  -1.242180313  0.7373044783  1.055244507  -0.8544643824  -1.11142562  -1.334483614  -0.6950065322  -2.270681618  
0.5565725682  2.109190748  1.567266958  0.6618958711  -1.054654354  1.373852399  -0.3627117668  0.1819597293  -0.9012446959  0.4709234832  0.22243498  -0.3528291353  -1.099981913  1.311629234  -0.9169134611  1.196662319  -0.46845182  1.658165791  0.9749261554  0.1663524171  1.973796718  0.2945407819  -1.023760121  -1.260435362  -1.34782472  -0.4039995795  0.687405161  0.9428832497  0.4969252082  0.3353315785  -0.3346395189  -0.1074483483  0.01592235986  1.445245613  0.9448583371  
-1.643182107  -0.4350999427  -1.147662212  -0.2702986032  0.8152950273  -1.760008042  -0.105686065  -0.1974583638  -2.918179923  -0.3131184915  -1.336813057  0.6173683593  0.05311701168  -0.5554555027  -0.974978844  0.3890913252  -0.3279191454  0.658943615  -1.324892931  -1.007761791  0.7295143748  0.4254353138  0.4519854982  -1.273184269  0.6588827211  -0.6220039994  -0.5939837008  0.1945672452  2.011220805  -0.5907704752  -0.709054804  0.8332206735  -1.2073936  -0.06043177877  1.13774005  
1.152179607  -0.001256688005  1.677465421  -0.124547867  -0.1616049322  1.77951876  1.062955807  -1.58542518  -0.006354287944  0.8883103745  1.141688454  -0.5399715478  1.300929526  1.011231701  -0.3878225709  0.2366154216  0.6588162873  -1.21872705  2.064254548  0.6984249016  0.136330148  0.2802403197  1.166800401  0.3721971392  0.06633763401  0.7311632865  -0.08872428263  1.56696425  -0.4716701152  -0.6984543797  -0.06915316527  -2.566803879  -0.8377785653  -1.195934535  -0.3553018409  
-0.7665934365  0.8671761702  -0.6812090706  -1.772782041  -0.4107793654  0.6970598669  -1.241643454  -0.1984378873  -0.5215426779  -0.5172006872  0.6276986451  -0.1554374712  -0.9010123141  -0.651002196  -0.05094390119  0.6930000073  -0.004732840263  0.4899417283  -2.83137267  -2.204334371  -1.627569258  0.2026941166  -2.001689541  0.3647163315  0.6497450095  1.174850488  -0.1988311352  1.033215401  0.1504624554  -0.9704232951  0.2519537309  -2.015040936  -0.1254727325  -0.0566849025  -0.2470994519  
0.1954143504  -0.0870665579  0.04021130391  0.2091658451  -0.5547425988  -1.399330641  -0.6364860329  -0.4669946172  0.8847432892  -1.440055865  2.70948808  -1.320084118  0.462920441  -0.7453551481  -0.8792992607  -0.2552282422  1.402190455  1.095474371  -0.2854015362  -0.1300926595  0.9963242653  1.750424638  1.009937628  0.6937631271  -0.3740650153  -1.279459827  0.1262447192  1.341497638  0.9008902693  0.5647612054  2.063967281  1.282936763  1.365603128  -0.5504182489  -1.146127217  
0.8033569353  -0.1864540126  0.1578169169  -0.7514757071  0.7192956747  1.649772476  -1.283842609  -2.197238362  -0.6361320161  -0.508219782  -0.1128919751  0.5539009923  0.6632862038  -0.08891469434  0.2858477277  0.1030520599  -0.4854966574  -0.6664610874  -1.026148839  0.949008762  -0.2316455585  -0.8725342664  0.6380604063  -1.644552171  -0.2416627551  0.8630981533  -0.3047493415  -1.157074149  0.5555465773  1.651328619  -0.335734756  0.5127641988  1.501765113  1.485303563  0.6544677531  
0.1143870201  0.7867723307  0.9487517681  0.7596696243  0.7590134973  1.193489781  1.120385801  0.8987330529  0.8177150551  1.649839264  0.5243367541  0.8385726098  -0.7490166146  0.6893535404  1.067302096  -1.135257946  -2.006708398  0.05472365378  0.3528551187  -1.454101227  -0.6667244881  0.05271567184  1.990491726  -0.05681608712  -0.1519928245  -2.028558287  0.01463771871  -0.1899145235  0.5118388656  0.4882521764  2.019904458  0.2688898251  -0.2535076864  0.05719607673  0.9751119058  
0.1182180596  -0.5065301673  0.0750598264  1.705819687  1.2310427  -0.6375463536  0.4500457759  -0.7405733999  1.568364988  -0.9265749328  -0.706603867  0.7859003421  -2.440251135  0.145023273  -1.306117983  1.074552284  0.3200205348  -0.6474538408  0.4791299363  -1.178756989  1.317288333  -1.084037719  -0.4463079502  1.281172646  0.2060458044  -0.1823180146  -0.1426394605  -0.9078933148  -2.220049445  -0.6021457173  -0.3634474909  0.5276983803  0.7800480899  -0.8470182612  1.068939635  
-0.8409367064  -1.362711039  -0.2784665794  0.8985926174  -1.28601641  0.35715547  0.8766168673  0.2688937216  -0.08149362662  -1.587266209  -0.1980814698  0.2997695595  0.8816243333  -0.7328186399  2.911841551  -0.1899338266  -0.06502879289  -0.2722392682  0.2287869998  1.15319141  0.06926230287  0.3664808814  -0.3511413866  -0.6053100612  0.1840957638  0.1601130783  -0.3502390204  1.397548194  -0.6588029949  0.6612110845  -0.785557983  0.7453668493  -1.480707776  -1.830202751  1.471143792  
1.856539889  0.05782333902  -0.9295122566  0.6832708447  0.07423830948  0.7120293539  -0.8162264825  1.45867601  0.2088105216  2.333175125  -0.9017298142  0.05250753775  1.135201352  0.5815172259  -0.08013081074  0.9702982122  0.8150890484  0.9089957738  0.8684790048  0.09511959132  -0.6734993894  0.8477519779  -0.1892640227  -0.2344017063  -0.8363619382  0.136802752  0.7880242486  -1.597022441  -1.121314595  0.5757746195  0.5632920179  1.196594519  -0.388703437  -0.3319027869  -1.059449591  
0.471192025  -0.05374280186  1.262545993  -0.5633185279  0.4358891061  -1.350696341  -0.3319256179  0.9729373374  0.7260447159  0.4652208167  -0.3912642858  -1.531978586  0.08649543341  -0.6598771343  0.332162459  -1.365362668  -0.9573516403  -0.2793569833  -0.2811299124  0.9338144061  -0.4436549944  -0.01847996806  -1.69401839  0.3586554462  1.434218564  0.03829849013  -0.3645375155  -0.9948363998  1.150013023  0.195885386  -1.263255593  -0.2609130035  0.249071631  0.7550439453  -0.5164864883  
