33.46383883  13.21282765  42.93254189  14.80964481  31.57411813  14.06985752  9.62282877  7.243232222  48.93018567  4.411084648  1.340580335  38.28156728  3.862798704  8.112242885  16.22266811  44.85036722  10.98281956  20.74276356  0.4571395663  3.009920388  33.49221235  2.83831763  20.58647945  7.33695165  12.07358901  33.22725566  6.416061395  15.99076301  2.125712243  17.79147649  7.364478381  37.34327328  8.751247364  30.45563883  7.945589321  
15.36368765  27.77197231  23.93361922  16.33644373  52.85550459  82.19256388  49.2582273  10.04315876  135.0455378  14.10165024  43.98333528  110.726254  13.85955448  11.39033861  13.81035468  32.76975473  65.2518613  41.15475687  9.558466602  19.49729426  17.58591356  64.29011485  44.89256439  6.723943825  15.9083814  82.31789476  68.60042406  0.7810127935  93.72275533  18.20855908  32.18940712  3.730763975  33.44741228  41.07177114  41.02339249  
119.6047998  55.98164955  21.49268784  62.98078765  42.80476084  8.173620262  83.68006884  120.7437913  22.20560337  58.67087731  21.08534692  31.31462983  18.21810764  24.40061695  6.80239636  101.0340483  2.494325548  32.83270265  21.60167338  112.7566166  41.42149243  58.89216539  9.734867456  74.96544263  41.54789872  3.13328495  57.61659073  167.7639569  30.66144513  43.55721451  21.19019323  46.13738971  56.50707479  92.9821691  53.12146793  
10.67897931  19.69529959  60.77444009  0.7618899956  53.34435457  3.710898505  6.104273696  132.1554314  48.41177354  23.21974015  95.87336872  1.760232124  96.5803348  12.22649182  68.80640835  67.6547421  16.59678241  9.07650644  22.99311822  22.82133479  154.6201545  5.076440587  127.6486114  10.32835304  58.19395897  36.31112428  54.95005403  35.91456037  50.1805793  6.795321286  22.55889893  261.536756  28.60759821  24.21978018  15.34468836  
23.44688673  2.46346055  7.688743121  16.94791728  65.89371073  14.3724758  0.4387363663  14.27940662  39.68512654  27.09274575  68.34267594  79.33150809  46.13575926  14.23164027  130.3785498  21.55929652  86.43074638  167.181449  57.13057293  14.42293512  48.3658014  81.96144031  53.78753069  54.56624847  34.79991506  30.26889269  92.46108486  109.1070167  32.37294774  74.10340381  40.82153012  2.784700792  73.03596221  58.92818096  46.96356519  
73.69180546  60.35059861  36.56058448  51.49619654  25.89713195  43.92361463  50.02771646  31.93126108  8.904425595  31.43658377  0.5089480839  3.982538038  123.5754934  39.00045368  57.2843211  178.4342938  13.18280564  0.981264409  4.491532937  8.426596453  74.10485257  38.00563741  77.80145128  39.40434461  215.3465482  11.38678425  23.29806516  4.581251115  73.04285993  37.58670852  154.2153419  20.91339983  22.64056412  6.975300299  75.3672902  
31.49390107  87.38068901  49.06895327  86.44658922  20.12824296  68.13690657  64.35911616  24.53604973  46.33970936  56.01656046  30.88589609  48.53286338  8.687554411  65.58314019  23.0635977  14.67684816  2.676115665  50.10984129  53.0485059  14.91336644  85.04736444  134.9299618  48.5501963  54.23805444  117.402033  33.55849319  43.15998042  49.48167626  63.4441512  87.35976408  76.38732531  20.77906717  10.24502812  1.887242148  122.8573  
42.67379956  10.27142536  122.14231  109.4132338  34.63840604  17.52769758  4.109132796  45.05196081  6.076239544  104.8457613  113.6552804  18.09818435  176.1515032  20.99488305  18.00980455  24.57015743  48.0387389  31.26306711  54.7353557  49.71788355  26.12171655  47.52257059  12.64943996  8.110115931  12.14076537  13.2068284  11.49062982  24.55857175  108.5585939  39.55699904  8.000155469  49.43534597  164.6195678  34.50484555  49.13842193  
48.64422082  6.177292534  109.1567381  11.05998849  11.13687314  23.11959445  4.984316525  10.27129262  4.249636821  9.096070799  42.44440284  22.34629187  32.51082042  0.5060116505  10.14076103  162.1025359  40.05458273  2.826214505  7.543990234  8.727154898  25.40528726  90.57233148  33.86316193  48.31694976  53.46909488  16.04771802  44.4581325  233.3429425  21.90208514  212.5108512  10.84611755  44.88805247  18.5073887  127.8870827  88.26440018  
70.91548661  34.53826776  5.781879367  2.88310518  100.2767262  30.1117265  24.74389476  20.73601415  78.27920701  106.1964148  1.82822986  23.46469822  29.80808383  20.58810763  111.588577  93.37737696  40.47848597  22.98420917  15.70535582  1.265697285  26.49082954  48.91008496  42.25873198  64.35450314  3.597937814  4.135995544  30.67441268  40.52101367  296.3063421  31.3668901  74.39732823  156.1824246  30.4385705  8.972499173  45.56255787  
14.00643495  58.93491714  23.18781597  190.7494968  44.9917697  17.65127311  75.09877296  12.40128553  59.78865077  25.75420405  15.35306747  54.79526143  55.41546065  38.53420305  14.65393194  17.25363531  77.89211676  18.27478965  6.043538345  4.284627597  58.88908796  179.433684  31.96975861  122.6411922  42.40426131  63.98037102  114.8180663  23.28825256  5.387368975  21.06133992  36.6422364  30.48454171  19.81767773  86.61861103  19.23406981  
37.5198696  40.17533143  40.43408534  12.27501987  72.40888566  78.80696748  5.168696145  33.42540497  26.73972718  3.098861087  80.34621235  56.72508256  123.8310771  83.98844794  3.737434037  101.3141691  90.71454723  99.79093579  24.93195528  77.89038896  30.873366  11.2459683  53.28880664  21.31403212  33.19675985  101.6358101  1.905457107  7.753277844  16.98665811  1.06631941  40.12135478  37.14075876  40.3368472  17.92979567  33.59808961  
12.56468313  4.564852002  13.53364141  98.39072113  114.7246291  20.09836535  66.74152922  62.42521583  71.52728146  69.46999514  17.9908736  7.071164374  25.73102646  1.891214037  31.01676583  2.165130958  73.80088688  107.6184285  54.96510145  49.21803733  69.96224481  33.79363533  39.42867898  61.31903437  65.93909953  65.80552252  72.70156955  3.092219194  8.516728508  71.70938325  33.12238217  87.12910457  51.15767934  90.45991617  118.8039285  
3.972034335  216.4436366  24.65764628  5.685122704  69.76140415  9.952759191  62.47522978  20.59140986  27.82076812  96.07849953  70.67580053  11.54669593  44.40119017  137.446886  59.12708295  1.549221973  64.86818525  46.38268394  47.38085781  59.73387301  61.2115221  1.169181664  29.48961497  87.8605031  21.91770963  56.4592981  102.5322329  90.69100301  5.561760366  27.13939315  51.50026083  47.3319186  60.68305119  4.783667999  25.65699309  
57.31908  207.1454071  17.39219428  124.4151761  35.36505406  149.4196844  57.52049332  155.0786628  6.051799463  60.71944831  42.81899896  151.8012839  78.40005166  152.6237237  13.04423018  3.813118648  8.946246142  9.016304138  85.16040746  3.490017029  33.38653848  19.64948658  96.91349195  65.42168051  28.2739736  80.8179224  46.56757604  3.531753275  18.46178336  23.92451843  31.48141849  26.94601371  15.20021271  20.79317072  9.6512082  
0.1119358888  6.382760887  13.80170416  59.66917632  16.62686822  206.653727  95.52489972  100.7997698  6.692812797  49.60964438  119.1358864  30.73148006  8.343930995  7.980760059  162.3713875  22.78988305  60.64339618  33.63572598  44.02502452  0.8519837004  65.68411994  40.32492846  56.84684215  47.6944061  25.02640542  6.220351801  83.5451486  16.50556278  7.46989183  75.11749885  154.0212204  24.82241391  37.07471945  16.36610527  2.388301452  
17.55319559  144.6738589  58.75164214  14.34837425  8.187861416  31.65226563  36.6619066  56.95687451  38.46088867  121.4468719  53.36391108  59.36312708  3.193634687  9.788383194  20.62459551  3.674224641  69.85991249  124.2136822  144.1791525  161.3342367  75.22794036  10.2207335  2.323887783  0.03257885289  95.59902864  58.45506437  3.16729987  11.77562746  27.86812611  30.48101137  72.63880936  19.47445462  37.37020488  49.18404083  18.73562628  
36.4295887  17.1838033  57.50191945  57.56731467  9.613059312  6.253275635  47.44726015  72.61977547  20.16326336  17.11973676  14.53220756  18.50160803  15.77083899  11.17089093  65.536905  11.65613681  4.277616409  3.104178326  28.504743  198.6389789  19.68046245  84.54463667  33.82521075  27.98932408  5.707615762  88.38224976  78.86748994  91.82153436  4.323219806  37.78503459  26.06655498  26.12897946  148.2218945  193.5703262  12.85714054  
48.46951868  34.47538506  40.08676346  28.85776596  52.09551607  103.6082364  158.8280891  58.34645138  113.6984993  2.071673417  72.89513922  2.891362659  9.442149531  40.94342394  5.783678484  69.03883082  53.92369711  80.62788285  20.31675111  53.16775216  14.42013283  29.81359111  30.28460119  4.169867699  88.26554587  27.75831249  50.20979956  44.66589331  46.27894918  3.283666697  49.47093895  50.10018957  4.86858718  18.32238525  34.68203104  
154.7418982  2.115247999  29.82129136  50.1736252  2.714966958  6.782457869  60.52022325  17.40863581  17.80926345  58.83684881  68.32869666  166.7999594  15.73416619  48.47799336  54.68837074  31.81841896  87.48603438  67.22807343  29.20333723  6.484281091  70.43638472  23.3974152  128.0231188  180.8528042  11.95805612  30.11185709  37.31297073  3.908937861  88.97483824  87.70106134  19.35485421  76.65295573  112.8997811  7.331914531  27.67146385  
40.94816732  26.70794691  57.09687942  37.79593794  15.32547194  25.97872992  0.709280625  23.81665299  136.0257202  28.4675073  1.604661768  13.94268702  15.78263094  29.78184672  18.34887343  1.456711699  66.7891173  65.2415666  204.0105496  113.086268  10.06287052  2.290625307  40.69512882  45.86978295  29.22970506  182.564942  31.22218367  25.03164877  10.6919529  74.87532353  48.34259717  18.14207528  86.13652273  127.61801  48.81672847  
3.186200819  3.504756116  56.79371283  25.4163283  65.3107601  41.96243888  12.66242549  69.00598302  14.84376  64.80037492  38.16284708  42.92025495  114.9822106  128.8847121  51.46202535  43.9013286  46.84761475  21.19138611  104.3720957  77.86683958  44.3246074  89.59064328  23.85677927  10.05343569  40.86915862  62.15204867  32.90098727  24.68451495  68.73268408  8.270807359  74.62600845  2.425778231  34.93032261  39.82914538  63.2774011  
134.6998211  7.608151378  73.0060392  25.43479484  158.2819399  24.33487708  126.7492435  2.603372853  66.97997867  61.41710016  87.69895005  2.363552283  32.14149474  182.3902798  146.9753982  20.86327677  70.56505263  48.37355246  2.30816796  30.18456667  16.87818267  5.230184008  53.16293457  29.75745421  28.58277755  3.785247316  11.78858564  62.8961356  20.35283165  35.61605335  18.26107597  13.47295343  8.191711552  0.5727062339  86.05151273  
145.0003318  32.48092441  236.8043346  0.1706984171  0.08396833297  151.0119727  1.127277001  3.057812953  118.5402827  20.04349002  2.289365734  213.4154264  22.88025427  26.12661697  1.04376452  63.35298307  2.396624778  0.2960701475  122.6652135  24.418699  0.6138302408  0.592443041  24.23622133  61.35799284  45.09956118  24.55346121  6.670394268  24.62174797  4.151469794  74.26280117  0.7590232317  0.0333773323  0.620747441  5.471389367  113.9736637  
