3.5256858  2.881189524  0.789908959  -0.6055482408  
2.981715447  2.436657092  1.00624813  -0.4969011398  
2.914030857  2.381345263  0.7637950357  -0.2585669098  
2.90746109  2.375976451  1.135207125  -1.314954028  
2.89627168  2.366832468  1.997668254  -1.554899146  
2.894216398  2.365152892  0.7255641323  -0.5144358896  
2.875089898  2.349522722  0.7555317417  -0.9268371361  
2.872547467  2.347445047  0.8399894342  -0.5928432743  
2.870730381  2.345960125  0.8592890237  -0.9242138446  
2.869618482  2.345051481  1.310055437  -0.6514382129  
2.868653469  2.344262873  1.164667446  -0.574891845  
2.856168967  2.334060541  0.7025625119  -0.4195021694  
2.842802905  2.323137799  1.352169671  -0.4981540156  
2.839965743  2.320819271  1.804595789  -1.759152058  
2.837057276  2.318442472  1.395916236  -1.704174633  
2.835848572  2.31745472  0.9840899914  -0.4419108576  
2.831490999  2.313893712  1.216528912  -0.49085093  
2.830886491  2.313399709  0.8840669852  -0.9428132231  
2.830392231  2.312995799  1.143787553  -0.6332530169  
2.830376628  2.312983048  1.120666203  -0.3915691906  
2.829231035  2.31204687  2.272250263  -1.896115001  
2.824451775  2.30814126  1.896994475  -2.125019403  
2.819860497  2.304389269  1.025648616  -1.078583838  
2.819633459  2.304203733  1.428916162  -0.8451504578  
2.81134385  2.297429467  0.749631038  -1.314909605  
2.803642789  2.291136162  0.6034729673  -1.812008548  
2.801936762  2.289741997  0.657730723  -0.5780200556  
2.797011034  2.285716693  1.587355688  -0.7758898068  
2.788081885  2.278419796  1.526969546  -1.00043902  
2.787142199  2.277651885  0.6982381353  -1.307620995  
2.786183409  2.276868362  1.380180911  -1.038816464  
2.783340646  2.274545257  0.4334135454  -1.045311953  
2.781617466  2.273137074  1.692132476  -0.8054213753  
2.778885724  2.270904695  1.018148152  -0.4751050058  
2.77662669  2.269058613  0.7764889421  -0.7993856791  
