  1   1 0.00100036
  1   2 0.00497654
  2   1 -0.00187301
  2   2 -0.00782742
  3   1 0.00332527
  3   2 0.00486068
  4   1 0.01912135
  4   2 0.01706123
  5   1 0.00079584
  5   2 0.02010456
  6   1 -0.00278049
  6   2 -0.01578462
  7   1 -0.00526586
  7   2 0.01143006
  8   1 0.00944245
  8   2 -0.00480349
  9   1 -0.01486241
  9   2 0.00165156
 10   1 0.01127694
 10   2 0.00381979
 11   1 0.00972773
 11   2 -0.01217943
 12   1 -0.00450247
 12   2 -0.00427284
 13   1 -0.01899209
 13   2 0.01341125
 14   1 0.02133602
 14   2 -0.00157863
 15   1 -0.00211993
 15   2 0.00757697
 16   1 0.00879553
 16   2 -0.01386744
 17   1 0.01494402
 17   2 -0.00743541
 18   1 -0.00354632
 18   2 -0.01381370
 19   1 0.02615453
 19   2 0.00489173
 20   1 -0.00676812
 20   2 -0.02356374
 21   1 -0.00031867
 21   2 0.02138015
 22   1 -0.00880274
 22   2 0.00949078
 23   1 0.02143718
 23   2 0.01162431
 24   1 -0.00282438
 24   2 -0.01110774
 25   1 -0.00522039
 25   2 -0.01803944
 26   1 0.02241145
 26   2 0.01123164
 27   1 0.04526000
 27   2 -0.00988400
 28   1 0.01074462
 28   2 -0.00806323
 29   1 0.01099984
 29   2 -0.02022688
 30   1 0.04614496
 30   2 0.00276849
 31   1 -0.01494857
 31   2 0.01058675
 32   1 0.03391069
 32   2 0.00502050
 33   1 0.00203633
 33   2 -0.01519090
 34   1 0.01767765
 34   2 -0.00498050
 35   1 0.00821564
 35   2 -0.00975928
