-1.150553998  
-1.643397009  
-0.9526662061  
0.3196211775  
-0.313672927  
0.5758354119  
0.2649836716  
1.498051711  
0.01033519757  
0.3295729149  
1.026688085  
2.088154648  
-0.3037673516  
-1.575037234  
-0.6545268033  
-0.2439642046  
0.7072154419  
1.298290036  
1.839495711  
0.09218345374  
-0.9433517534  
-0.9738517937  
-0.7318540682  
0.8087968356  
-1.291536105  
-0.6773279732  
1.150514746  
-0.2565624161  
-0.4153408849  
-1.481124804  
1.521695032  
0.4060943438  
-1.065681926  
1.430981381  
0.1865362922  
-1.198809174  
0.4459223506  
-1.241105225  
1.269826112  
1.23399828  
-0.613375488  
0.4153302991  
0.628005143  
-0.5610185709  
-0.83871602  
-0.4208863389  
