0.7496188791  
-0.4489859176  
1.049796068  
0.3797487709  
-1.541817071  
-0.815710549  
-0.150780275  
-0.7907086348  
0.2719492952  
1.121284783  
0.1307814342  
0.01849440353  
0.6374518461  
1.418510178  
-0.7073940468  
-0.618182047  
-0.8530155378  
-1.448814368  
0.7374509603  
-0.9612047813  
2.083148754  
1.616736031  
-1.333589992  
-0.4566519659  
0.03327876048  
0.6188995329  
-0.3946665559  
-0.6534421602  
1.645477395  
0.581567072  
-0.4897875212  
-1.220660627  
-0.1033920003  
-0.05506085551  
-1.129786769  
-0.1870471824  
1.319184866  
-0.3731830769  
0.8933175445  
-1.458235915  
-0.04053095766  
0.5232603214  
-1.015120824  
-0.6350023359  
-0.6658154434  
2.718630515  
