-0.7686369261  
0.6292111123  
2.79218459  
0.9680003589  
-0.319510354  
-0.8596341011  
0.8509520325  
-0.09862642094  
-1.287229745  
-1.103020447  
-1.028895596  
2.390792106  
-1.240390867  
-0.5042321121  
-1.005635845  
0.7376792866  
-1.170738574  
0.7403629595  
0.1126850648  
-0.9906033387  
0.02929343422  
-0.2044607858  
-1.050830428  
-1.325439989  
-0.4003411286  
1.004902017  
0.9351797728  
0.4059680507  
0.4851921857  
1.35385972  
-0.1864171676  
0.2689259332  
1.201660114  
1.162613412  
-0.9777201251  
-1.098515678  
-0.2062214126  
-0.8172854564  
-0.4180735316  
0.9921448994  
-0.6912327941  
1.011944439  
-0.83244771  
0.6943686579  
0.6112044947  
-0.7929841088  
