-0.3373590782  
-0.9095669079  
0.3216635963  
0.7030931059  
-0.5976595148  
-2.241674632  
-0.9887973784  
-0.4177789468  
-0.4539671895  
1.355653859  
-0.04226632014  
0.3569559265  
-1.001393882  
1.719158116  
1.064196701  
1.115928063  
1.66877847  
1.021129923  
0.556051919  
0.9487316403  
-0.2820030366  
-0.05976835874  
-0.5096402726  
0.4240792646  
1.071312436  
-0.5978039897  
-1.160385423  
0.9701824109  
-0.4906722014  
-0.1588550503  
-1.004013909  
1.1274908  
-2.63418773  
-0.6739233869  
0.3132890853  
-1.484609365  
0.3792024119  
-0.5617883886  
-0.8076829696  
-0.7578085262  
0.7299043247  
-0.8304266817  
-0.1232833559  
1.368955526  
1.271795252  
0.6397636638  
