0.5796346322  
0.4264049455  
-0.8100717229  
0.7168005401  
0.1590373011  
0.1293403568  
0.955671688  
0.3544909165  
-0.4306832592  
-1.171137583  
-1.012070357  
0.6429302275  
-1.568914258  
-0.5520582865  
-1.593933012  
1.128137326  
0.4981728895  
-1.171673327  
1.940760062  
-1.134111569  
0.4624887982  
-1.146803732  
0.3850898514  
1.128858221  
0.4660119091  
1.047064499  
-1.560210716  
-0.6683861656  
2.444619774  
0.09929919923  
0.04790544841  
1.011333402  
-0.2223337666  
-0.9905769619  
0.1328796515  
0.6849765696  
0.828585158  
0.8489193739  
-1.414065555  
0.718572098  
-1.571519263  
-0.5361446423  
-1.219859705  
-0.7753958051  
1.047510449  
0.6644543976  
