-0.1459646476  
1.638613381  
1.654080331  
-1.18468828  
-0.3886776924  
-0.2600549964  
0.1852453944  
-0.2432532483  
-0.2283730407  
-1.177080534  
-0.4290104034  
0.04774081832  
0.05999269978  
-0.5194222884  
-1.153196926  
-0.03864237392  
-0.825507319  
-0.9272082663  
0.09437903028  
2.682034115  
0.8189500546  
0.5197832777  
0.8250466303  
1.104773429  
-0.3702277358  
-0.3544116273  
0.3072111694  
-0.1640761475  
0.839203251  
0.1769510433  
0.0482045635  
-0.6774804929  
-0.3948128816  
-1.543222473  
1.866057107  
-3.09668223  
0.6599293644  
-0.5166908516  
-0.01903094332  
-0.6529614762  
-1.099287681  
-0.05111277762  
1.07225035  
-0.1598635737  
0.6353070284  
1.385187869  
