-0.2943405405  
-0.2324688932  
1.982417333  
0.5814419405  
-0.1912372474  
-0.8941299957  
-0.5355406963  
0.4566351786  
-0.2362208224  
-0.1151674614  
-0.3016740395  
-1.272118867  
-0.8290190635  
-0.8201196046  
0.8485712329  
-0.8546893316  
1.13941694  
-0.4867430188  
0.9947877219  
0.4974865212  
1.58907153  
0.09998310024  
-0.9730659561  
1.94395512  
-1.088293694  
-0.874430795  
-0.5802685522  
1.86074574  
0.299870226  
0.8486362886  
-1.015963716  
-1.477896799  
-0.9738971303  
1.514098159  
0.9761157413  
-0.6926512477  
-0.08417366553  
-0.6837009991  
-1.324810021  
1.546719971  
-1.760132509  
-0.6333737708  
-0.1586863688  
0.390675719  
1.257160587  
0.5570257555  
