0.8262650938  
0.7287136471  
0.4278255322  
-1.685326788  
-0.9114036351  
-0.2051090888  
-0.2783689139  
-1.27650103  
0.499656531  
-0.3025288696  
1.46012617  
2.030617977  
0.2197712902  
-1.321300929  
1.291920692  
-1.959672391  
-0.6669404764  
0.9595041307  
0.8066268652  
-0.3635744597  
1.57885894  
-0.8800344911  
1.515618458  
-0.3491175534  
-0.3805882864  
-0.2430707488  
-0.8942841585  
-1.385970478  
-0.2833082283  
1.762070545  
-1.054512628  
-0.0763906175  
-0.8982643742  
-0.6603494646  
0.8622342945  
0.1280279742  
0.1303422455  
-0.5131232943  
0.5547508051  
1.59458761  
0.318228043  
-1.293641695  
-1.198132984  
0.5556497432  
0.08044281721  
0.7496761778  
