0.8505142302  
1.416135932  
-0.08225541315  
0.06705244728  
-1.45738546  
-0.6343019498  
1.919529961  
-0.5171559412  
-1.783374092  
-0.2691346048  
0.2404437898  
0.7408892244  
1.314755428  
-1.245828947  
-0.098173101  
-0.6663573398  
0.9613507625  
-1.692388913  
0.4489673064  
-0.1765714975  
0.6631750654  
-0.2020403869  
-2.426781625  
1.910659453  
0.7439387046  
-0.3800678126  
-0.6609386087  
-0.3580768237  
-0.3702800149  
1.12827874  
0.3991944714  
0.01882431516  
0.1354404036  
0.3237546268  
1.189001832  
-0.0785252195  
-0.9313451842  
-1.084722631  
-1.453991948  
-0.6598151108  
1.795768049  
0.9617813365  
0.8623759451  
-0.3918431027  
-0.3326415861  
-0.1378347116  
