-1.24055294  
-0.1043214159  
0.3523824533  
-0.1840670541  
0.739623184  
0.5701721639  
0.9848563458  
0.3200262511  
-0.3646653934  
-0.7973138195  
-0.7902323741  
-1.463709368  
0.2133917231  
0.476872487  
0.3615884031  
-0.7522237827  
1.196965946  
0.2258783902  
1.520742374  
-0.8496368487  
2.404576497  
0.545278002  
-0.9188826872  
0.0217521491  
0.5995276362  
-0.901774309  
-0.6725121547  
1.590997532  
-1.573033557  
-1.585361905  
-0.569623588  
0.4413425605  
-1.273625935  
-1.081711382  
-0.8859591835  
0.8198660945  
0.5554838427  
0.4808951879  
1.468502418  
-0.5959240999  
1.159619463  
-1.744321652  
-0.2171814139  
1.039721958  
1.422959111  
-0.9463873114  
