0.2662877455  
0.1516590163  
1.934592494  
-0.7736526993  
0.4874046534  
-0.4093655084  
-1.477941273  
1.545023661  
0.1735515132  
-0.6514240778  
-0.5777127799  
0.8555166033  
-1.603964389  
-0.667564475  
0.0263448476  
-0.1491434868  
0.3278299607  
0.3231905899  
-0.08976503503  
0.3563571529  
-0.6271014631  
-0.4534098031  
-0.9038000536  
2.233682956  
0.3277941405  
-0.238915373  
0.07791751971  
-0.8161687133  
-0.3425449638  
-0.4959046808  
0.5012784103  
0.003999794424  
0.4442325862  
-1.718536201  
-0.4818773676  
2.96921228  
1.172873471  
-1.941914278  
0.5442060052  
-0.6803910617  
-0.6209009562  
0.649589305  
-0.2865268419  
1.2420789  
-1.328410981  
0.722312857  
