1.660432221  
0.2282370066  
-0.05750059857  
0.7460382208  
1.035886676  
0.3944021325  
-2.486024581  
-0.9627805171  
-0.6573870306  
-0.819513864  
0.4738849082  
0.03640021893  
0.1960558593  
-0.8578293237  
0.7144849517  
0.3147321683  
-1.871253184  
-0.67566309  
2.508680707  
0.388164176  
-1.073709516  
-0.4677194135  
-0.2825871998  
0.7369019852  
1.122984349  
-0.6570783691  
-1.21234118  
2.361285182  
-0.1768881864  
-0.9776759408  
0.1031082585  
-0.3429061184  
1.341616385  
0.003197545983  
-0.2877778957  
-1.329345402  
0.8539198687  
-1.184088336  
-0.01295430355  
0.2227111028  
1.506396626  
-0.3760786668  
0.09051958769  
-0.2507202638  
-0.1059139768  
0.08569681961  
