1.435250125  
0.1813639044  
-1.464898651  
-1.933195925  
1.304860728  
-1.049582429  
1.462345859  
-0.6760550361  
0.124295945  
0.2550276602  
0.550833423  
0.3644474907  
-1.362802458  
0.3152813596  
0.9668971299  
1.459862446  
-1.276725289  
-0.1956930009  
-0.6790692553  
-0.137941446  
0.03853099689  
1.143176704  
-0.5451819657  
2.163009548  
-0.464354118  
0.302979749  
0.2921181124  
-0.1816170896  
-1.763888405  
0.1973748472  
1.025253633  
-2.159986029  
-0.5008596754  
0.2472380514  
-0.9096389115  
-1.188303914  
-0.1653317271  
1.171866317  
0.3327044807  
0.03133624191  
0.1545833462  
0.4829789111  
-1.547987102  
0.7668903197  
0.8344242317  
0.5981808651  
