-0.2986459998  
1.340870497  
0.1926086567  
-0.08007893778  
-0.08424882218  
-1.746338465  
0.4982966525  
-0.8258916121  
0.4893983008  
-0.362683208  
-0.1907438395  
0.5917181872  
-1.080284832  
1.294251548  
1.767727953  
-1.725553809  
0.3373107234  
-0.9106052688  
-1.040545971  
0.7429058113  
0.7443579937  
-0.6811988566  
0.591850182  
0.5890483853  
0.7303967915  
-1.155922273  
-0.5213419725  
1.058781514  
-0.3523825169  
0.336199626  
1.445077934  
0.3906527168  
-0.1016865957  
-0.2439108627  
-2.187180099  
-0.2651252922  
0.3359439262  
-0.6909636686  
0.5799545903  
1.3239837  
-0.5287717763  
0.6557611247  
1.030555709  
-3.06015702  
0.6713229244  
0.3952862503  
