2.297720674  
-0.3235463897  
-0.6926238033  
0.2189100304  
-0.8574356169  
-0.4830216638  
-0.2004423196  
0.1492956325  
0.2430314163  
-0.6953326361  
-0.2040953344  
1.685518051  
-1.316639508  
-0.4255037356  
-0.1565736352  
0.0164534138  
0.5618614625  
-1.568078733  
0.5088295972  
1.744215911  
1.046665827  
-1.256764807  
0.1009327416  
-1.761832257  
-0.7245280265  
-0.9780701805  
1.232443635  
0.2773652701  
0.4172316744  
1.023030138  
2.074329804  
-1.453448517  
1.563388042  
0.2645117005  
0.8877220047  
-0.4068801932  
-0.8034083941  
-1.49987176  
-0.5667744851  
-1.174912282  
-0.5517739086  
0.4301937327  
-0.4059329827  
0.2918091339  
0.3992375386  
1.072793738  
