0.7115151117  
-0.2905285894  
1.909955847  
-0.3230227546  
-1.09052562  
-0.5687468411  
-0.7871120703  
-0.4327490122  
-0.9803787885  
0.879911219  
0.3979240799  
0.7551306103  
-0.9172528837  
-0.9223502666  
-1.499679218  
-0.6905276192  
1.812753836  
-0.3978638394  
0.287678817  
0.4126527001  
1.398216602  
-1.095988951  
0.9114518593  
1.80371625  
-1.212259817  
1.600581995  
0.3040514521  
1.290533326  
-0.008811812383  
-0.1785561882  
-0.2242080735  
-1.376291003  
1.345662927  
-0.3735508461  
-0.2892236369  
-1.149320372  
-0.4718965727  
-1.404725766  
-0.9537356754  
0.7449591028  
-0.6247965255  
0.8064459098  
-0.8850769968  
-0.4802072311  
1.881995427  
0.3742498984  
