1.1495301  
-0.3729835693  
1.545529311  
-1.730986351  
-1.080591068  
0.005197019945  
-1.492196538  
-0.0073684605  
0.8158235192  
-1.778775793  
1.320554663  
-0.1096367601  
0.7621000692  
0.6634581513  
-1.274212304  
1.270301317  
0.2660233566  
0.6378540693  
-0.2726356999  
-0.6559538144  
-0.2589676437  
0.03468016973  
-0.7981250741  
0.6915755746  
1.401881376  
-1.220298465  
0.5865926327  
0.4449992187  
-1.004788342  
1.211774926  
1.561260185  
0.7651878237  
-1.081713431  
0.6987159136  
-0.415058321  
-0.918909435  
-0.901060528  
0.8545756525  
-1.327000106  
1.082516384  
-0.5837089057  
-1.533251248  
-0.03516350274  
-1.021544739  
1.32769888  
0.7770997854  
