-1.013432049  
0.8353639755  
-1.09823434  
-0.5339697638  
1.41546156  
0.476428789  
-0.853121879  
0.4323831628  
-0.7968538908  
-1.001800751  
0.6593453456  
-0.09097794711  
-1.615344985  
0.6259652776  
0.9848837022  
0.4639498107  
0.3899079827  
0.6667534358  
-1.032814276  
-0.3384332875  
1.127798772  
1.54509643  
1.213260141  
-0.51079653  
-0.8754720074  
-0.4518188894  
1.596753868  
0.2658919904  
-0.4494563852  
-1.366953579  
-0.4004124854  
0.2800678361  
-0.2443035156  
1.184723709  
1.270931138  
-0.3974805656  
-0.9761242482  
-0.8772858154  
-1.513260427  
0.2333287809  
1.909374681  
-1.25490316  
0.7489686436  
-1.21156378  
-1.224268084  
1.802443608  
