-1.059901546  
-0.6243954411  
-0.7090217565  
-0.6729651706  
-1.290185659  
2.721125378  
-0.4970861101  
2.162752898  
-0.8440258191  
-0.433967285  
-0.670526123  
2.320202375  
-0.4555408256  
0.02421799603  
1.452275821  
-0.6428082154  
1.28525408  
-0.9564292501  
-0.2673249954  
1.533897428  
0.07071112634  
0.718934948  
-0.9579846663  
-0.5829084982  
-0.3735475701  
-0.3312471999  
-0.7996898824  
1.95624755  
-0.1095813876  
0.461349932  
-0.8965286157  
-0.9571290497  
-0.3677556777  
-0.2176377455  
-1.048503387  
-0.6139801745  
-0.01806019473  
0.4737181577  
-0.5857757425  
-0.342403118  
0.9696140966  
0.3050895812  
-0.5989562509  
-0.2558066825  
0.4441025325  
1.282180141  
