-0.7375772938  
2.039829122  
-0.2245395932  
-0.9892738071  
-0.2857353415  
-0.6043600268  
-0.6147411398  
-0.6636726612  
1.174512643  
-0.8783571213  
1.103765123  
0.2846467471  
-0.7342494338  
0.1033449566  
-0.7804730007  
0.758326623  
2.273965721  
-0.2961529441  
1.710107251  
-0.411144742  
0.9288967457  
-0.9197608586  
-0.94225451  
-0.0928585476  
0.1969698923  
-0.774629825  
-1.002545323  
1.933808673  
0.3431950575  
-0.7179151474  
-1.401756233  
-1.156341198  
0.7243835372  
0.1359430246  
-0.03117548322  
-0.8559237117  
1.557042008  
-0.9797429417  
-0.9474875468  
-2.228676343e-05  
-0.9549326174  
0.9335981915  
1.146979713  
1.782579134  
-0.3918025175  
-0.7424683091  
