0.1359630383  
-1.238075709  
0.1696863588  
-1.022752412  
1.891138161  
-0.3791446321  
0.5383167827  
-0.3096827756  
-0.6583514215  
-1.042246189  
-0.599270688  
0.8421681172  
1.475713578  
0.4326574709  
0.0489081493  
-0.9036091617  
-0.221446234  
2.202829498  
-0.9033875924  
0.5015970475  
0.4421975524  
0.6888284453  
-1.404076782  
0.25983572  
-0.4227182853  
-1.416997223  
-1.210358723  
-0.0805731263  
1.16726372  
-0.3434457982  
-1.208125637  
1.492116857  
1.120921388  
0.319787964  
1.124966554  
0.5906462348  
-1.641283637  
1.051199844  
0.7764525274  
0.003127436605  
-0.5900046366  
1.335805721  
-1.657177399  
-1.642920411  
0.1257154325  
0.1578048748  
