0.4713930579  
0.9367323722  
0.2644397628  
-1.219409305  
2.158568954  
-0.3045415865  
-1.566534152  
0.05705307634  
-1.351909494  
0.1341504128  
0.4397006698  
0.890707774  
-0.4450859541  
0.1017929582  
-0.08175135563  
-1.63303265  
-0.5203284593  
0.3546676739  
-0.7310088847  
0.1139114409  
0.8516970777  
-0.6683570675  
0.429730478  
-0.7111488437  
0.3551624138  
0.9834897876  
1.831078121  
-0.5226184134  
1.123873088  
0.145390435  
-0.9631183773  
-1.725743687  
-2.060211296  
2.182891719  
0.4388952702  
0.8114848066  
0.7379893081  
0.4739273834  
-0.3910276702  
-1.41501778  
-0.07903685269  
-0.3127988241  
1.298675741  
-0.8904203141  
0.8199719733  
-0.8142747878  
