-1.77367022  
-0.3186608299  
1.737510592  
-0.3665335196  
-0.7213235332  
-0.9810538334  
0.1801929061  
-0.3006644504  
1.519626716  
-0.3334188133  
0.03427168294  
1.443534823  
-0.1992942227  
-0.05994263194  
0.02153719143  
0.6212986126  
0.8458423789  
-2.049425252  
0.3930391734  
1.170113151  
-0.1533331957  
-0.1022077528  
-0.9340395795  
0.9573998628  
1.314255314  
-0.4992814809  
-0.638581056  
0.8612792118  
0.723954771  
-2.65900298  
-0.8261103055  
-1.255235903  
-0.06554437349  
1.571338039  
1.425053595  
0.1547948632  
-0.5883374907  
0.288279762  
0.01800456416  
1.714818882  
0.5720515015  
-1.043696727  
-0.8061385551  
0.02730826577  
0.003081506838  
-0.9230906596  
