0.3178419719  
-0.3930029007  
-0.2010324525  
0.06052287358  
-0.5557943569  
1.294783455  
0.1111614093  
-0.60176971  
1.085710073  
-0.5276686582  
-0.7399511116  
0.9593562753  
-0.3785122145  
2.481906348  
-1.244044361  
-1.201374915  
-1.583798201  
0.1883223472  
-0.6573363888  
1.293147282  
1.690346366  
-1.775844071  
-0.6972331881  
1.100578067  
1.162304553  
-0.4730672931  
0.01481800857  
-1.328369646  
0.02146129584  
0.3505421483  
-0.08955326528  
-1.080040519  
1.562372714  
0.7335704008  
0.6577060637  
-1.160547943  
0.2722050215  
-1.39543966  
-1.841396677  
0.8417267835  
0.6809983917  
0.8945572586  
-0.6947364066  
-0.08019444959  
0.6463482213  
0.2784210618  
