1.835254056  
-1.493520557  
1.138730929  
-0.2988057057  
-0.3215408676  
-0.5603380042  
-0.2141453177  
-0.7677187158  
2.528104006  
-1.488472687  
-1.970383997  
0.5680570776  
1.077737044  
-0.6961788269  
0.1303830014  
1.087259167  
0.7356328323  
-0.2931367213  
-0.7941309369  
-0.1363407063  
0.8503199064  
-1.142154719  
-0.07713968442  
1.886646359  
-1.89523585  
-0.3871775846  
0.6418019096  
0.2500957986  
0.0581910158  
1.032173774  
-1.224983987  
0.5134804772  
-1.019114469  
0.8235257918  
-0.9588309021  
-1.208707378  
0.1806050568  
-0.1778010831  
-0.08530186511  
-0.1308339155  
1.431970293  
0.4150583603  
0.6330319981  
-0.67568898  
0.3245572558  
-0.1249326475  
