-1.054039927  
-0.494718418  
0.7650050964  
0.4410952793  
-0.4199539744  
-0.3653486246  
-0.599029775  
0.110052251  
1.006171342  
-0.4951508199  
2.947809517  
-0.207798113  
-1.108285204  
-0.6830363937  
0.2707238672  
2.067430311  
-1.253761865  
0.4137126393  
-0.3353723108  
0.7918919668  
1.836974808  
-0.138814681  
-1.079356904  
0.4815726511  
-0.195355818  
-0.1889596334  
-1.314570568  
-1.569937848  
-0.07910319105  
0.1315763331  
-1.302255088  
-0.1155176157  
0.5146492808  
-0.1963802153  
-0.1943978595  
0.4341141858  
-0.4807986562  
-0.07139253654  
0.09093746155  
-0.3727723155  
-0.008854757198  
-0.5678297384  
1.453936361  
-1.359939548  
2.75857172  
-0.2634926732  
