0.6633745356  
-0.01309712974  
0.4618844908  
0.1079956412  
0.4919141674  
0.0850529735  
-1.436522707  
0.845388892  
0.7482797994  
2.093558674  
-1.744803212  
0.9712157788  
-0.9380406142  
-0.6112868104  
-1.246014364  
0.1815175449  
0.7827866198  
-1.766968606  
-0.2709200033  
-1.902390295  
1.21537315  
0.5539179245  
-0.2302319781  
0.7381042711  
1.355685255  
-1.336092186  
-1.149230417  
-0.7009353374  
-0.2654689246  
1.485905105  
-0.598662938  
-0.3071607644  
0.8969796544  
-0.2026872536  
1.226129491  
-1.668111194  
-0.5804169145  
-0.4907052055  
1.630097005  
0.484234499  
-0.5572287954  
0.8110239855  
0.1573505568  
-0.1037344555  
1.053549082  
-0.9206089903  
