0.1486495149  
-0.793159032  
-0.9813881124  
0.3611719846  
1.573713215  
-0.168767604  
0.1965588253  
-1.620610879  
0.4321491002  
0.5985326716  
-0.05050217421  
0.8190189706  
-0.2001971915  
-1.010607619  
-2.262705316  
0.4149489908  
0.2133567844  
0.00545440284  
-0.3077400616  
2.767749912  
1.227316445  
-0.06493252685  
-0.3494939987  
-0.7815153449  
0.9900922102  
0.4958618959  
-0.4285324536  
0.7992888645  
-1.918864529  
2.032594438  
-0.09583105154  
-0.1536964457  
-0.3151925232  
-0.5662597991  
-1.112769462  
0.4892658017  
-0.2357319551  
0.08812849418  
-0.3522020177  
0.2782493416  
0.01609246815  
-1.007053175  
0.6404658946  
-0.1523092316  
-1.687496329  
2.028898608  
