1.197437044  
-0.2953208893  
0.1322033428  
-1.438281982  
-0.5698260942  
0.9811910979  
-0.5551000246  
-0.2126269349  
-0.773757932  
0.2376163908  
0.551234552  
-0.9548460635  
-0.5559424694  
-0.66297681  
0.2345652403  
1.613138964  
-0.435625577  
0.02861138068  
-1.271850632  
0.8043697231  
2.769885247  
-0.4285984701  
-0.3895562554  
-0.08552176566  
0.1988111569  
-0.01534914431  
-0.673832957  
0.8693034887  
1.748958107  
-1.01185032  
1.623006789  
0.4367715512  
-1.923536289  
-0.02811376628  
0.1680653557  
-0.1169862599  
-0.4510125821  
-1.638439631  
0.02216068449  
2.393734392  
-0.3368950893  
0.8798454211  
-0.1905047421  
0.2704311792  
-0.7647138791  
-1.380274548  
