0.5243455958  
1.350158761  
-0.6903796469  
-0.1276487628  
-1.140445234  
0.6255013335  
0.3710864809  
-0.5776889991  
-0.907600253  
0.8064599378  
0.2563132099  
0.4042699688  
0.4051871297  
0.09063031537  
-0.7429522444  
0.9173331317  
-0.580976417  
-1.607346897  
-0.8368177738  
0.7399042282  
0.7052707419  
-0.6852634657  
0.2095956223  
1.274356086  
-0.5884972465  
-0.998496658  
-0.3512543727  
1.178514773  
-1.228563059  
-1.412245207  
-1.26348014  
2.32163458  
0.5780883196  
2.059552808  
0.0371976988  
0.5709834731  
0.4730109064  
-1.496269297  
1.123571875  
-0.5913593985  
-1.992251831  
-1.233751327  
-0.2933879876  
1.325967457  
0.4092850906  
0.5884566939  
