-0.6779418372  
0.9961263563  
1.069960002  
-0.3802848003  
-0.5455935164  
-0.2754156292  
-0.4499305333  
0.7356185937  
-0.2050349809  
1.070446507  
0.7165219471  
-0.7429659889  
-0.7803738829  
-1.590841808  
-0.2346474238  
0.2790264016  
0.7016098992  
0.7376228394  
-0.7691690633  
0.6990170861  
0.6206331426  
-3.161681941  
-0.6963726666  
0.5072767771  
0.3030520339  
-1.346739153  
0.5787020906  
-0.0947853474  
0.9733270578  
1.480905369  
0.6358388223  
-0.3114929898  
1.04655998  
0.8191563798  
-0.3924317065  
-1.677557536  
1.200131702  
1.347171502  
0.5344051677  
-0.4478930155  
1.21591619  
-0.1444912638  
-2.290207587  
-0.6862008226  
-0.78584892  
0.4188765669  
