1.59200808  
-0.1316679583  
-1.6300204  
0.5355672366  
-1.451973648  
-1.091424932  
0.7988215434  
2.846217808  
0.1248112236  
-0.8204563423  
0.3378252494  
-0.5515915735  
-1.150039144  
0.3791138264  
-0.213816155  
-0.6373374655  
-0.5043421552  
1.359380595  
-0.3604738258  
-0.04896635536  
-1.199861584  
-0.149245756  
-0.5564176673  
-0.5939939313  
1.600232747  
1.82005682  
0.9067473378  
0.8764688894  
0.1313750499  
-0.2147357013  
-1.944960069  
-0.01181538429  
0.2957841853  
-0.4011115745  
-0.08088700449  
-0.2618079301  
-0.9960933629  
0.9528459106  
1.744824109  
0.2515950274  
0.236568503  
-0.8520024133  
0.7956425396  
-0.29178583  
-1.392070644  
-0.04698787284  
