0.0710101237  
-1.64156014  
1.460810772  
-0.500450961  
-0.8925295451  
0.5549004098  
0.5906563132  
-0.8471976732  
-0.4562643336  
0.2471448559  
0.08306840161  
-0.01673821866  
-1.002190616  
-0.3422571058  
0.8790001383  
-0.06009662978  
-0.3841658274  
-0.9308446432  
1.8292757  
0.5257092799  
1.001906109  
-0.3682928582  
1.351675592  
1.068486644  
2.1304575  
-1.903795764  
1.296901297  
-0.8241713093  
-0.1353943597  
-0.0353937044  
-1.271629024  
0.2056598927  
0.5013589775  
0.491320107  
-1.494416547  
-0.8189267578  
-1.863169082  
1.168409152  
-0.5527549093  
-0.6366088574  
-0.8028851827  
1.954081355  
0.5435366861  
0.4586887504  
-0.8208153177  
0.1884913094  
