1.888162731  
0.1405525632  
0.3778810819  
0.1422234052  
-0.757598805  
0.02484073176  
-0.5002776361  
-0.5133242387  
-1.938183011  
0.03455123826  
-0.2992671776  
0.7751991198  
-0.9794585176  
0.9320241667  
-0.9165382445  
-0.53229388  
1.356507091  
-0.3978396495  
0.7771602803  
1.691644011  
0.2739900165  
1.232538689  
-0.6351269977  
0.5954887218  
-1.963628005  
-1.543022211  
-0.3749701548  
-1.692984918  
0.6470645676  
0.107715732  
0.06177230507  
-0.3948060993  
1.427954736  
0.3214513226  
-1.172394162  
-0.3323397085  
1.285947577  
0.9183571818  
0.1225556065  
1.520264694  
0.6467944027  
-1.573598264  
0.7254992724  
0.6782342899  
-0.654170924  
-1.534552931  
