0.1541822733  
-0.8034048526  
0.1189699729  
0.59199305  
-0.2876785818  
-2.014780733  
-2.143525506  
1.725004371  
-0.01785668923  
0.6661190486  
-0.4948043806  
0.5206024858  
1.537452639  
-1.424978309  
1.36102662  
-0.5663582326  
-0.8814049359  
0.4485649996  
-0.7139212057  
0.1791253513  
2.145169874  
0.9830650241  
-0.03534153183  
0.5421170902  
-0.2943196541  
1.065889232  
0.6267770551  
-1.108706546  
-0.9584891798  
-0.2449208948  
0.9881084415  
1.137141851  
-0.02219222852  
-0.1942673078  
-0.7582661317  
-1.054171937  
-0.2030638406  
2.022239504  
-1.67328574  
0.3411463661  
-1.028552317  
-0.7982258897  
-0.2417187589  
-0.2059659195  
0.7969132245  
0.2185928302  
