  1   1 0.04392887
  1   2 0.04000430
  2   1 0.06965983
  2   2 0.01459119
  3   1 0.00454742
  3   2 -0.01162725
  4   1 -0.02527661
  4   2 0.02904659
  5   1 -0.02427325
  5   2 0.02705226
  6   1 -0.00411784
  6   2 0.00485986
  7   1 0.02022394
  7   2 0.00459513
  8   1 0.09913412
  8   2 -0.02607384
  9   1 0.03470133
  9   2 -0.00500796
 10   1 -0.03811530
 10   2 0.01845561
 11   1 -0.01519288
 11   2 -0.00487107
 12   1 -0.04059113
 12   2 -0.00324484
 13   1 -0.01552874
 13   2 0.02084048
 14   1 -0.04962741
 14   2 -0.01932615
 15   1 0.01424848
 15   2 0.02060046
 16   1 -0.00905014
 16   2 0.00156795
 17   1 0.07850857
 17   2 -0.02370075
 18   1 -0.01614754
 18   2 0.01351425
 19   1 0.01086378
 19   2 0.04417377
 20   1 0.01204136
 20   2 0.01952884
 21   1 0.04765495
 21   2 -0.02277325
 22   1 0.01864681
 22   2 0.01759254
 23   1 0.03492031
 23   2 -0.00207095
 24   1 -0.00052872
 24   2 -0.00840663
 25   1 0.03622790
 25   2 0.02400009
 26   1 -0.00330034
 26   2 0.01945915
 27   1 -0.02019764
 27   2 0.00511019
 28   1 0.02069082
 28   2 0.01162739
 29   1 0.00415518
 29   2 -0.01183625
 30   1 0.00422284
 30   2 0.01793754
 31   1 0.04913757
 31   2 -0.01639999
 32   1 0.00493428
 32   2 0.01320342
 33   1 0.03933683
 33   2 -0.01342355
 34   1 0.00307194
 34   2 -0.02062724
 35   1 0.00836829
 35   2 0.03819437
