4.438928164  3.668694267  8.178161803  -4.579731058  
4.016423859  3.31950206  7.980693513  -3.276971806  
3.914182597  3.235001496  42.1397811  -12.65206892  
3.720006574  3.074518507  7.298745039  -0.9532932698  
3.552461136  2.936045216  20.60191075  -14.64254576  
3.544002361  2.929054192  16.35415387  -8.549147726  
3.403343975  2.812802566  25.57559301  -7.191804593  
3.200471  2.645131702  4.218596419  -2.250154799  
3.119920627  2.578558268  3.700443784  -1.290397422  
3.01972321  2.495746905  20.88837696  -8.061029692  
2.99578632  2.475963497  3.822763162  -4.011201079  
2.977000368  2.460437245  5.024712416  -2.0293895  
2.944582624  2.433644563  25.72612725  -9.733486812  
2.918150459  2.411798854  2.426420272  -3.481416062  
2.820258672  2.330893053  3.984375584  -3.687591857  
2.762014292  2.282755121  5.478339819  -5.271978278  
2.729788104  2.256120757  5.933118226  -1.284337109  
2.692074497  2.224951139  5.735617095  -2.593385996  
2.676002292  2.211667751  7.531863136  -4.712947682  
2.584555165  2.136088345  21.3054134  -11.22299655  
2.547687212  2.105617646  10.11636983  -5.765271917  
2.472562739  2.04352862  2.248330945  -1.444633234  
2.460232775  2.033338127  4.961166365  -6.667346645  
2.454935852  2.028960315  1.305824482  -0.9735188381  
2.443170248  2.019236255  5.674869124  -3.019108362  
2.401923621  1.98514666  2.02021337  -1.54604824  
2.393839798  1.978465525  4.113128043  -4.926109346  
2.384092584  1.970409628  4.209031932  -1.147829597  
2.381629944  1.968374301  10.51306186  -3.631330774  
2.36831429  1.957369152  1.05282742  -2.079189955  
2.36382469  1.953658579  0.9018657174  -0.8081831589  
2.351337784  1.943338376  4.262007749  -2.8006523  
2.346493291  1.939334489  8.589675581  -4.525440077  
2.304834058  1.904903883  2.226207684  -0.7065880803  
2.295444821  1.897143848  1.481406963  -0.8639644984  
