16.85197418  7.102825751  85.05736047  30.78171101  10.94811787  5.485327913  7.008008802  8.780513425  1.565367701  3.108417293  65.33167068  29.53373713  52.03949681  20.75605504  4.77668777  2.429909602  42.40054489  12.3422444  42.36479926  28.22602589  4.273605827  2.727123192  5.128340535  7.251132908  75.34770309  26.94482204  22.10641451  9.651519106  52.45540724  7.987475413  17.7699273  0.3343307428  0.7645217713  15.50148121  11.49020842  
20.19201661  19.73773094  26.24884608  4.569030312  58.67783657  25.59308584  11.61319804  91.48234172  4.166303012  10.85012272  31.79735869  115.0894629  52.33747753  47.97014946  9.130421297  3.417543741  11.85137528  86.35718603  10.02995867  30.57454458  47.42095643  15.29424352  4.291264514  56.64582989  83.96886434  43.69288343  7.817472051  138.1724043  51.02432543  93.58333627  9.072524374  14.07776636  113.3163726  22.99906012  25.58955008  
113.9275884  9.558336079  43.33811366  9.410229603  108.6873426  5.929182631  13.82890764  135.5477544  79.1298758  15.59848872  96.0094185  41.66952311  29.33465478  73.30093349  1.431660577  10.570745  47.15947806  9.649741099  90.02979778  3.983981344  58.77804447  32.68014299  87.21018403  27.21274252  20.66837575  12.30243394  16.21066196  10.21926098  23.84769557  32.71566304  6.177628355  9.619550481  73.25692022  32.48228101  2.186481365  
146.8869975  151.9920803  35.11003465  4.293888298  44.74732409  11.29456508  4.242299355  41.99926569  18.91017484  88.51749414  4.699403365  70.8426173  4.916823982  8.505906204  128.8289401  65.07662116  72.28486973  133.443021  127.5131016  149.6866925  55.8155994  55.34710909  42.71136129  345.7840897  52.04603476  45.04876568  136.6404203  21.04805254  24.88301901  23.24982778  32.75083007  10.37108523  9.580146169  38.98977478  3.987169274  
31.65552431  75.38918257  47.80258586  26.09160276  34.37108833  65.14273879  69.60075629  3.508741142  30.16254769  6.640500586  21.36429585  21.72159535  69.11999556  64.61125221  4.047136377  51.55951259  15.34688525  59.2147442  33.01063343  35.04463288  30.92798081  118.4910248  67.4952457  29.9567616  64.69852806  130.3005957  177.8384141  14.71982732  238.2672653  0.2745559792  17.17073851  8.491139096  57.49596916  65.47016599  77.24577866  
248.1821469  123.0102251  23.1479261  46.01063604  22.59782167  14.81694563  49.90490435  40.57382568  97.25537267  35.28657521  27.80640421  93.31173489  30.29786124  26.65783915  203.946661  27.45900096  87.05134425  48.96273706  38.31171009  23.78933685  18.51882386  17.92973908  5.841302927  19.14042812  0.7013043886  180.0007508  12.49768961  10.6161044  100.787496  103.9952987  24.52607092  130.0082709  4.855338356  10.73297211  115.4294095  
32.89750513  13.73715844  103.0513849  4.903347558  15.64286873  5.017887538  142.0647206  12.65001386  20.20616157  38.01219944  4.798826309  93.51807138  123.6778962  129.2405582  96.11787145  72.61018263  74.06082759  29.41824946  66.93127556  20.69891546  58.73142882  216.4140383  49.67122709  57.3794467  51.71604268  104.1008684  0.619987293  93.55331099  12.49644361  89.83667342  10.99083409  9.865393324  32.34611785  113.9583029  36.97610135  
15.78846702  34.5898949  28.18652075  254.0874057  95.09698906  23.60076512  42.23073273  19.66377122  31.63032356  19.0120342  68.23848659  2.347865307  23.68798325  1.924800624  11.54760502  48.87205302  111.6342242  68.78719684  64.33451594  132.0961794  7.772701067  38.10733288  75.33111904  9.95887461  16.95706754  41.51457152  46.21140149  25.12370216  36.73629308  57.26338197  91.6630719  16.8852993  40.80726758  38.23014348  105.6367238  
9.38380142  33.03561787  158.5796259  78.69635379  15.17841005  88.24874867  14.69042278  28.57387496  16.16688204  10.60771684  42.59279882  182.537253  68.6609468  38.06169639  1.436179901  17.24265955  17.42753606  17.14774103  9.800121991  25.69046593  85.12981067  60.18559911  24.34863048  21.15297669  22.88819016  28.10716152  14.07901779  27.08852363  116.2209874  5.352599596  61.10970391  1.092260974  39.26848481  144.8676666  0.7632706393  
38.52553866  162.6589906  25.06878487  8.16599398  73.91995167  80.39064634  139.2631065  22.1522852  3.209086023  16.55061041  111.2501135  26.97106023  6.471912637  5.37319141  62.62314203  64.03089367  77.1694274  55.3170586  25.81587986  13.68018681  25.20155182  212.6723821  104.6661399  8.846571708  29.97756077  45.3573282  27.43074191  64.82379784  87.50523925  20.90547896  29.74204579  16.91686109  64.50528347  9.553287208  54.27005347  
17.06694527  82.10353126  108.5696346  20.22877333  83.03228363  109.206003  6.239514558  54.08276344  120.6999441  34.07670714  50.21038996  41.52906268  69.95630332  24.27987429  1.59473884  124.2367478  40.73267843  48.86955916  58.0156668  39.15862048  107.9094745  12.3610535  27.58758895  8.655505446  118.3627255  11.0384834  7.198074917  5.451728013  6.288907634  24.68317579  329.8425684  35.38483465  11.55617776  60.94893716  41.70142564  
3.631710146  49.85110959  124.0858325  19.79757169  62.47322358  11.70559474  14.16705435  146.9705881  30.08102932  74.38570534  79.08336876  45.70640049  22.61676225  22.0643762  38.78414759  108.746535  159.3479683  22.04451739  62.41711932  127.8295108  14.68148557  26.19766606  66.33455506  104.8261021  42.41213767  4.65277874  25.8174411  224.8222833  52.80155035  47.56776619  3.468842304  3.525939218  89.56823869  12.84926803  88.58264062  
14.0300643  76.74038834  26.65590646  45.79353686  23.5431348  21.84282047  1.8618816  15.54240532  3.948961597  50.83634317  173.4588347  3.730427339  27.02923237  54.25007429  22.62936609  17.22476502  107.8171189  17.45426537  2.434339109  22.58294271  34.77029325  27.70100701  147.2364154  6.901735149  237.8490706  28.92030299  80.23232334  62.78304321  59.1565096  47.21353024  20.80671475  86.35381256  52.81936669  181.3850312  69.01163899  
19.64544444  47.16309925  36.82533374  195.3225934  41.18819207  86.76276339  34.57944596  29.69748934  44.98765909  24.61052061  102.9425376  13.04447414  84.86833343  10.3465194  1.531179323  126.924774  41.35253394  12.1235051  27.04863915  29.84158656  71.12222023  13.64857238  10.19744215  121.1096248  67.18624868  62.88913441  10.00521279  113.7554762  32.91158635  28.24549597  73.87956009  37.20927193  0.2824131773  11.94724645  15.17389358  
121.2058612  16.07326006  19.64302196  16.57796991  19.29293681  16.79934744  87.60527502  174.0970422  54.1403316  66.89455988  38.2472756  73.54194792  99.64238834  4.758636808  57.84519715  36.28756024  29.27586875  26.61351233  34.06568308  9.031244959  82.18087851  0.567050257  85.98249952  16.86661397  19.20705756  41.78157149  95.02261241  160.7189342  14.82786363  166.9748709  104.1422755  6.683813891  25.34962443  14.66874788  43.19017165  
28.70243358  143.1250765  43.61765948  44.97769439  26.43143183  16.20609049  10.69773443  62.99918859  15.66334881  61.38800551  53.24135496  26.08146332  4.05118129  29.30254127  108.8010922  146.6092193  110.6730873  21.16270188  51.91093819  48.20199849  13.93276666  14.89425981  132.7251611  42.79153219  9.693012938  8.185144938  2.468548434  60.5995826  14.38948064  31.49465322  31.93108471  221.5190649  91.91884126  65.83968241  68.01150504  
23.32779643  45.35228646  6.968574315  51.69539296  9.228759354  4.642862504  95.43836234  39.7389707  217.1835804  104.0167881  53.45608037  46.26629045  147.6868327  7.016365671  238.7853099  50.55094868  10.96441344  71.37651934  53.5416203  42.55546893  1.603536506  50.99201001  17.3290162  7.013025983  19.60664351  22.10010084  29.95013411  67.60102917  32.37297162  96.8481327  67.3296153  214.7082371  25.71647068  21.34092892  13.36284255  
3.04049663  14.48203623  6.652393752  20.30847428  114.6843059  66.65601966  65.98329724  112.1719022  58.86969353  8.020809185  34.63115995  93.50132785  20.13433116  77.7109964  28.1782812  172.7629816  74.52046883  36.35061375  93.57928262  9.97905231  92.02937773  68.24013608  21.09487447  47.35439687  86.65132881  74.77419353  84.10955704  25.31372132  6.71331072  110.7637909  59.23055754  12.81322049  2.359825879  45.70556254  0.8285155618  
13.61962962  41.47911283  61.71714312  19.99209821  77.26588986  298.3502908  64.23239321  40.52219533  156.7211484  164.1071633  44.66545445  42.71106703  55.10490309  22.77927207  36.20853556  24.51039059  26.18814983  4.171142594  61.73383628  167.8757005  12.09391557  58.92333329  26.5380598  22.25549101  18.97879123  33.37640561  6.039437855  76.27500723  32.16565617  40.96821147  64.93422941  25.63194075  25.90045871  63.89203292  47.47035851  
68.662772  64.55670594  21.74487689  42.69628305  55.40685767  22.57808314  39.15733754  51.1021554  71.13852423  30.82223171  14.71279056  16.91311288  6.304921739  23.46168026  39.91372804  11.86384596  36.9328862  57.81897493  43.78868353  44.5044797  126.1478643  16.08319724  21.98274924  161.0129139  32.83378797  161.4868479  4.84913238  0.3893828819  115.8508029  10.25675734  31.45396358  79.57699137  13.46298956  70.28979069  36.86947123  
19.23706668  7.490218742  99.96542194  9.427913284  82.49364739  101.8864859  66.78120327  4.738173814  52.14810329  224.6643684  0.6812245024  31.95521397  206.7967  106.7448251  10.23095124  47.79370589  30.88501238  10.41185776  36.72782411  14.37555676  18.84899482  32.40346677  17.52940542  78.25875171  4.391464721  56.29735075  70.401794  6.855786118  13.1417411  28.34604321  141.1104536  116.3896882  108.2134586  33.7530537  84.15187981  
139.5487962  28.15521  61.17060063  104.2167495  3.432953658  99.9183309  45.38268087  80.27701509  18.52574008  121.6758023  14.66389855  95.82865229  7.392323621  162.7213491  74.04674852  46.44743955  0.02352941047  15.30425889  110.1139759  24.21713839  68.92997513  4.116181468  91.08761387  33.81921243  89.58597393  10.04847089  57.65151171  22.48414745  38.92804017  94.23314475  6.37308055  36.14690094  6.164491812  178.0821153  32.12830945  
120.1079634  10.67498592  22.06996903  102.5741147  5.955620636  83.16254239  73.55519159  3.68992367  34.78230251  31.38578472  41.5352629  6.501508429  16.12622901  42.2352829  47.67521106  20.19133905  33.27732167  52.12639916  41.87814104  140.6508073  39.63751784  25.50246623  4.662698965  17.0507137  87.90803037  33.68330986  104.0583844  49.04588329  65.98018018  106.0051874  60.75572758  163.9850761  44.38588104  43.74943991  2.825179657  
51.00058695  13.30357024  33.78196339  72.41692132  43.45306372  48.16559201  134.4203959  49.24443504  115.5605518  7.098908406  101.5167922  68.02408085  75.53439904  10.18981873  86.61533878  2.602803648  33.55725542  165.1763031  62.54399063  95.97721647  226.4937976  28.72569495  23.03195538  6.256440728  42.91757527  85.42540268  18.96401413  26.83338494  41.93042185  2.354259788  1.848018475  10.54581468  256.4943125  17.06373954  250.6044101  
3.068513709  21.65726026  65.59155887  25.0642577  186.7961931  1.740391789  89.74001082  55.83551652  10.94909176  71.63521863  47.14214895  25.88810303  12.71072193  27.24431988  5.621792021  21.79697475  17.54850426  202.8565892  32.5853924  35.04481464  23.04699687  139.6953743  124.6557821  48.47227012  22.24825612  14.44790848  198.4892624  1.076957203  43.4145715  43.00564213  23.43419404  49.76829209  50.63710688  11.44160938  2.236230076  
11.62471887  65.96021158  22.69785239  135.7989126  22.90751067  21.71377574  3.42232826  0.715696007  36.39578897  12.39384809  3.845298926  34.46789359  18.99877604  568.9833707  7.304153989  8.361694102  33.03338025  82.99872061  90.94614671  21.40579869  0.0008033500762  72.19959123  82.65873359  40.05363091  14.39644706  39.04482462  138.5806761  13.9542992  21.80446733  23.75009367  8.971477941  16.19028735  169.9478405  0.5153572641  192.5535619  
