0.2871913505  0.06865506906  -1.360833146  -1.200074226  0.742189098  -1.388033028  -0.08679630832  -0.5828780104  -0.462576029  -0.109263306  0.7610610351  -1.215879657  -0.3434138091  -0.9633294997  -0.3877246006  -0.3010087131  1.657368364  -0.2844325896  -0.6347909784  -0.4585009362  -0.6373933823  -1.769725011  0.2106371139  -0.2009535572  -0.1026601203  0.9202442203  0.3638358288  1.111535996  0.6306294013  -1.076100234  0.07152577393  -2.038386444  -0.2763381347  0.9037888243  -0.4152432575  
-0.4908958997  0.04845602473  0.4062023464  0.4955752684  -0.5617249185  0.04059327731  2.195215994  -0.4336472298  -0.08376163986  -0.6158492064  -1.380222092  -2.042886738  0.3413525548  -0.9415901149  1.348138707  -1.446204381  0.7848024132  -0.5353365906  0.02643490657  -0.4699307669  0.1190241237  1.029960732  -0.6748035117  1.017764732  0.2019134303  -0.3331329751  -0.8889461633  0.8787229363  0.8002305678  0.9765109584  -0.467630951  2.604387423  0.2736318578  -0.7124794802  -0.09831963053  
0.5729431308  -0.2856880682  1.044037148  1.609327914  -0.4118315878  -0.3924249146  -0.5684740113  0.4916960954  0.8570327969  -0.4394374469  -0.6768388961  1.827567269  1.445697715  -0.1371224593  -0.2272460911  1.79023032  0.2522122908  2.859848512  -0.9660682419  0.8391526393  -0.9159923097  -0.1114050937  -0.612971971  -0.3797229324  1.870411391  1.47300155  0.8412960991  -1.096954138  1.710884504  0.4191247137  -0.7212380344  0.08730355061  -0.9362771127  -0.7088705929  -0.02997446786  
0.5909756806  -1.793801841  1.270798655  1.103194814  0.5785027294  0.5145333409  -0.3140618755  -0.9469969751  -0.2314904187  1.782593432  -0.1968248094  -0.1776451677  1.816585471  1.424615079  0.4745243505  1.039177601  -1.467807621  -1.348173316  -0.6338077725  -1.261750686  -0.5515216754  0.08614289812  -1.694415582  -0.02888872411  -0.4475471442  -0.3493149422  2.046246982  0.2358155357  -0.1427246926  0.9670540381  -0.491724634  0.08713461271  2.563072466  0.7418830512  0.581075493  
0.4834331128  -1.425570001  0.3615295438  0.3379053069  0.6882590987  0.4692955049  -0.4049437813  0.2998638402  -0.4085907824  -1.577334741  -1.550868476  1.53926248  -0.06206803101  0.6688497307  0.1435507239  -1.143166105  -0.5210206107  -0.196753168  0.6895558467  1.294122404  2.14289495  -0.1450304033  2.051948899  -1.12745177  0.05610852944  -0.9842258161  1.378694675  1.56642009  -1.632980475  0.6133515506  0.3779087083  -0.3182261276  1.313701449  0.7082736917  1.382960009  
-0.2989578143  0.1024665466  -0.5096865896  -1.409148466  -1.520860022  -0.09392437876  -0.9140104715  0.1632688471  -1.195649643  1.914685959  -1.035969672  -1.383729555  0.02374849618  -0.7531989468  -0.7056638964  0.8567806057  -0.6542892385  -1.045595289  2.213229011  1.120992722  0.4293965943  -0.4678456574  -0.3759123642  -0.4366269532  0.5617807673  -1.408671698  -1.244729382  -0.01078659202  -0.9633015158  -0.09043073926  -1.321862609  0.2428686437  -0.5940683119  0.0640595762  -0.4241011416  
-0.4603872357  0.8092174317  -0.553214836  -0.3945420004  1.60732279  0.5859000792  -0.5694644281  1.607349626  1.361341875  -0.3321142416  0.9731833652  -0.4094838767  -1.415129652  1.069295317  -0.1487135283  -0.9423398472  -0.2344994816  0.04984069887  0.9754709333  0.2463500679  0.6369062307  0.354891145  -0.8619284753  -0.3098761504  1.383054447  -0.4955423485  0.2974304028  -0.9979077055  -0.3171388385  0.05042035043  1.750067008  -0.09476778022  -0.05055920719  -0.3065795662  -0.7171613617  
0.3336869127  1.139477696  1.327394929  -1.089619186  0.1065645523  -0.6312123717  0.2647563199  -0.2385838231  -0.5354035087  0.3884134867  0.2752101551  0.4083211498  -0.5642899009  -0.3927895957  -0.5711258931  0.1048683316  1.422209996  -1.361151502  -0.3044248748  -1.209369916  -1.651098455  2.29095409  0.3364831539  0.3547479281  -0.6267375052  0.6054910642  -0.08219835559  1.287588567  -0.4044544582  -1.443036655  -0.7440910354  -1.192674179  -1.023748984  -1.357307856  0.01824632681  
0.3729025478  0.2569484859  -0.02131833507  1.666819809  1.145365729  0.0625922509  -0.7251558702  0.1815364429  0.7260720347  -1.246314546  -0.01476443854  0.7203423659  1.014542435  -0.3575401421  0.8986796165  2.594962417  1.371413189  2.676181759  -0.04387916674  -1.011918293  0.2251674737  -0.3538189719  1.087496551  0.5453464757  -0.02513215409  -1.148022189  -1.157013663  -0.06167735305  -0.7995222416  1.269047925  -0.2135575929  0.2702955431  0.5493350269  -1.129620215  -0.179207612  
-0.05243707669  1.159253836  0.8248589506  -1.102177149  -0.3075960834  0.4618363335  1.47715166  -0.3696927966  -0.528848704  -0.4120241197  -0.384911238  -1.046297324  0.3101749645  -0.5890466915  1.082493848  -0.06896761493  0.8841170149  -1.102181396  0.9287191688  -1.555228721  0.6630148136  0.3787150685  -1.059387646  1.446027429  0.6806035877  2.18835116  -0.3379038731  -0.6471247053  -0.910156076  -1.011232121  1.38813843  -0.3152769746  0.5219347844  0.964341833  0.07718629755  
0.5439752154  1.424380662  -0.9433052832  2.301312244  -1.723692057  -0.6874067297  -0.1220663953  -0.4428094429  0.381679759  0.3326953619  -0.2090821213  0.4186254573  -1.268922952  1.850334376  -0.9369349136  -2.156802299  0.02019351221  0.9638863445  -0.2448661605  -0.5195734903  0.1227247808  -0.5482541747  1.09182077  0.2718042884  -0.5066443945  1.050101732  -1.244131008  -0.7279645559  -0.2050247917  0.4635134359  0.666845929  -0.09818273774  0.07096941283  0.3532559275  -0.3079163162  
-0.05308969472  -0.6636815718  -0.3493374512  -0.5110479161  0.9377638136  0.8923399559  -0.7301853496  0.1294896072  -0.2371657312  -1.055686855  2.287261421  -0.435474227  1.816396969  -0.7207750942  0.7753010398  -1.86533754  0.1237162712  -0.8638698754  -0.6746054245  -0.2997724537  0.5085949727  -1.451923508  0.7958523112  0.9052442326  -0.3224198904  -0.3698678378  0.9305294758  -0.8373034987  0.06440680368  -0.4854994758  -1.117677237  0.4782804909  -2.174147594  0.01317393475  1.960125157  
-0.228857373  -0.08516655479  2.475748903  -0.8488192567  0.09041799386  -0.378098461  1.338954222  0.6235785939  1.556121337  0.6402044477  -0.1575943431  -0.2251285601  -0.9667058503  0.965523367  -0.522278573  0.3355121342  0.469711868  0.5310430031  0.5580129473  -0.5694145047  -0.3580299358  -0.159301798  0.05116193498  -0.2287114296  -2.742525248  -0.2984078791  -1.035826084  -0.3417322709  -0.967905054  0.3346607087  -1.511157388  -0.5531493606  -1.041070918  1.351906087  -0.9852435833  
-0.1658420583  -0.2179302367  0.6969361013  -0.9409949532  -1.086405594  -0.609895526  -1.816964767  -0.3827200724  -0.2521053338  -0.876059827  -1.350739234  0.2812281549  0.4730046211  -1.382105294  -1.065337481  -0.9004331359  -0.885767075  -0.4037754886  0.6588885994  0.2123262489  -0.9749694511  0.7921643087  -2.222623873  0.01372701961  -0.8500607511  -2.21790319  -0.2286959586  -0.09024397684  0.6298402719  -0.4156506434  0.1567282622  -0.004678608078  -1.217833247  0.00852028894  -0.05162829348  
-0.3577242484  -1.813469128  0.5985800708  1.267703612  -1.211276037  -0.7433397309  -0.2104576427  -1.251167923  -0.1860063609  -0.7491834541  0.8574868008  0.3777874706  0.3465137307  1.213927104  -0.6542408997  0.5225690692  -1.279231852  -1.111896773  0.101724684  0.5982660092  -1.302953326  0.8726477579  1.534779383  0.7721389126  1.419188671  -1.229114015  -0.03829792564  -0.4802670676  -0.06132452659  -2.237616292  0.9079888368  0.5463937108  0.1842395927  1.765851757  -1.089186294  
-0.7278038838  -1.086590973  -0.6270286912  1.207971677  -1.111883418  0.4413011833  0.289126436  -0.9980962618  -0.6389993767  1.813577189  1.63812102  -0.6465472418  -0.07289513115  -0.4540835378  -1.11605782  0.9184630717  -0.9903085229  -1.763361468  0.8395704294  0.080413405  2.642458771  0.8725788819  1.168497589  -1.444646921  0.5637836696  -0.05826470773  -1.080805012  -0.8656622921  1.172416084  -0.2887171935  0.4096353097  -1.017890586  -0.5601181353  -0.9555322109  0.910270103  
-0.5278647055  1.487929681  -0.7513068088  -1.438020106  -0.4803164186  2.414584299  0.5395027104  -0.3399611139  -1.668441698  -0.2709913916  -0.6266116761  0.4086762448  -0.3447265981  -0.127059793  -1.372955498  0.1532081092  -0.1612189498  -0.03730424875  -1.203860961  0.5820133889  -0.8791031292  0.8683467985  1.245056906  0.5892092727  -0.06856236455  0.7105979992  0.5273870031  -0.1047792438  -0.6426024626  -0.4824286069  0.04143287834  0.3372497292  0.7184055987  0.417003653  -0.1828739765  
0.2075118306  0.912206682  -0.345004076  1.721296963  2.24802752  0.9171228864  -0.6218444026  0.8517752929  0.8849084194  -0.3063010185  0.54216474  0.6298190284  -1.637862263  -0.5987261932  1.145291544  2.180988943  0.1215745181  1.341075093  0.589815154  1.175715453  0.948929917  -0.3767073779  -1.333644812  0.4233792771  0.7491071173  0.362635688  -0.04641151505  0.09309298425  -0.7809331271  -0.5508756756  0.4113019743  0.65521409  -0.4731926202  1.829488825  0.8602170241  
0.6164498756  1.420439445  -0.07801010196  0.4344960561  0.2523863325  -1.681222802  0.6571930505  -0.006344802885  0.2720715712  0.2086315424  0.3200394913  0.633513542  0.5617242939  0.7908395809  3.327418348  0.2363737611  -1.05545078  1.171208118  -1.115994792  2.031903362  -0.6942845959  0.4862012708  -0.3151534354  -2.76959237  -0.5140236528  0.196173019  -0.2632959888  -0.5159430708  -1.196713341  0.8706533121  0.8255379668  -0.01836335222  0.3244268597  -1.646668415  0.5858868909  
-0.4404722593  -0.6631759587  -0.7631471491  -1.50476278  1.62213805  0.1333537405  -0.6124505201  -0.3615205114  -1.007925739  0.3266144963  1.218355855  1.051815974  -1.239078362  0.1890578961  -0.8937197682  -1.645251689  1.016831758  0.1410395814  1.446992781  -0.486460102  -0.7880615276  -1.756562723  -0.4940218509  0.02967221878  1.220418391  -0.370070398  0.00797409792  -2.172738807  0.223307661  0.4284668072  0.01329835977  0.9867434994  0.9922480268  -2.0758764  -0.0003361533544  
-0.2655648113  -0.4731874972  -1.132253105  -0.9961446398  -1.550358138  0.5128341627  -0.556456365  1.522522934  0.4976224172  1.27116435  0.172298065  1.384669406  -1.521504074  0.2266721788  1.148363911  -0.9530468019  -0.9855634526  1.323759082  -2.154108188  -1.271339041  1.197950943  -1.057225187  -0.4744130544  0.4684477288  -0.4614019888  0.510732487  0.810148393  -0.1557642831  0.5466699179  -0.06214599211  -0.4054076598  -0.1594024716  -1.042527158  0.4081170051  -1.210520579  
0.001297687194  1.414366531  -1.700268131  0.7291233466  1.20175247  -1.403158739  0.8369346669  0.8611997968  0.6337111221  0.2161124293  0.3698152493  2.548347257  0.5512537157  0.1457833193  0.5129210537  1.028602088  -1.148790297  1.310974578  -0.05605659958  -0.3867132538  -0.2888846694  -0.2941499854  -0.0123847447  -0.6969702602  -0.7552382269  -1.740840186  -0.8173290722  1.284652181  0.6517330311  -1.60034305  -0.4336338116  1.412075466  0.6958582387  0.7429939153  1.658082056  
-1.583325089  -0.3410921569  -0.1052693723  0.08729368853  -0.2650902785  1.917153631  2.297581761  -0.5443076681  -1.479800296  0.1120634367  -0.04058321086  -0.320230699  0.4195843232  -0.5064422561  -1.911641889  -0.5737338234  0.9072664409  1.294851263  0.3014195992  0.5579867934  0.1754488285  0.2867024028  -0.08193046306  -0.7761649715  0.3814467902  0.2043021921  0.3750273075  1.198341469  -0.5668599037  1.720527236  0.2473744254  0.2614104194  0.009377289007  0.03963210265  -0.3397833707  
-0.7778551446  0.6864188936  -1.131731251  -0.5204255892  1.113266838  -1.069912789  -0.512077881  1.680453862  1.342533808  0.4925739673  -0.6848955915  -0.7478117098  0.04507912534  -0.6040612036  -0.879664311  -0.2025746543  0.03353010576  0.478705306  -2.051734936  0.02361869691  0.03043679359  0.2303468344  0.9457781132  -0.575050187  -0.1179423545  -1.219145372  -0.2596298852  -0.3195915725  1.8546256  -1.122615276  -0.07738325828  -1.613454942  2.492385323  -0.3304657012  -1.04793503  
-0.9744978312  -0.3059762986  -0.37971744  -0.6998088614  0.6750423993  -1.396825615  0.2357274409  -1.307182911  -0.7575071288  0.7379176873  -1.419982492  -1.419895364  -0.3511778023  1.117841173  0.222873278  -0.1397140595  -1.877263849  -0.7160686139  1.015416339  1.509856517  1.026443636  0.4839781494  1.159576153  2.589445071  -0.01042172093  1.024057948  1.316398466  -0.2854456793  0.3364793712  0.06493764363  -0.6692957167  -0.7430106424  -0.737480086  -1.593830198  -1.131012182  
-0.4688896696  -0.4810981669  0.9529071689  -0.19474549  -0.1411940466  -0.1946762651  -1.721853703  0.8350286177  -0.1551995943  -1.495739018  2.360222188  -0.4881071273  0.221468914  -1.171810961  -0.1053112958  -0.5809712002  -0.6851441751  -1.212138597  -0.927869512  -0.00176153989  -0.2309029151  -1.014542908  0.1348420469  0.1447785656  -0.3857347336  1.517450971  -1.546807729  0.8120614085  0.7222706959  1.269865223  -1.206123008  1.208494228  2.225041042  0.003462439905  -1.410387633  
-0.5686755839  1.158601105  1.06713232  0.554776529  -0.7641985285  -0.6313174163  -1.381342004  1.431192784  0.4085225017  -1.297456788  0.6994658657  0.3557044672  1.212158791  3.039724934  -1.285946826  0.07545586298  0.8708672954  -0.2528134884  -0.6864782251  0.2229451238  -0.2350195504  -0.5380622115  -1.721464929  -0.04140565593  0.8355174639  0.3126983886  0.5032234184  0.3969032304  1.655940046  1.04061652  0.7425388177  0.2669215107  -0.4702448575  0.7430677912  1.457797122  
-0.3296907902  -0.2581233335  -0.6507538614  -0.8156748897  -0.6687566832  2.292088853  0.3433142727  0.6922456082  0.6749520555  -0.5163546127  -0.1308289795  0.7720502134  -0.4409603009  0.1922057737  2.344256219  0.04466419113  0.174799285  -0.4914658037  1.095156534  0.605386752  -1.548490203  -0.9042279766  0.1412934469  0.2649179782  -1.25771362  1.110681691  -2.426534936  -0.2831348174  1.463978965  -0.02460157231  0.6503379976  -1.830145209  0.04964780892  0.2964278499  -0.0992462921  
2.699208307  -0.6920541409  -1.031148938  -0.4473958381  -1.110392075  -0.2140029074  0.2856660487  -1.490963584  2.0574735  0.6519002965  -0.3478333894  1.288098646  -0.8736157544  -0.5612430583  -0.9170876063  0.3282960225  0.3630853511  0.04865762819  -0.354564696  -0.6274861303  1.003481579  1.545151812  0.8833827631  -0.6447259203  -0.5315335976  0.2828818397  1.031060816  0.2987947381  0.04487689156  1.986070917  1.672901267  1.816254981  0.3159864766  0.1888713136  0.459825798  
2.610212919  -1.432544847  -0.06775354053  0.3429921099  0.5940025702  -0.8000661286  0.96806791  1.797037999  -1.410947315  0.6736589942  0.453821259  -0.5351755686  0.08528466538  0.01936105785  -0.09112595494  -0.20724671  -0.4350764006  -0.5196808574  -1.270573057  0.8727374579  -1.181850861  1.231986789  0.1040345122  0.317266756  0.5062991342  -0.8268457986  -0.5348348752  0.09898186825  -1.069679888  1.720081975  0.4368762935  -1.151574418  -1.305796564  0.2193326855  -0.3910227461  
-0.526702882  -0.7408150988  -0.4362928918  -0.1755706708  -1.378982202  -0.7790821567  -0.7002525168  1.258677263  1.422230603  0.6078281623  1.243027144  -0.6625326289  -0.02916927449  -0.8458073072  -0.274833608  -0.5589280619  -0.5635986185  -0.05484342993  0.8845110691  -0.2614463089  -0.6668580779  -0.5062833865  -0.5342969437  -0.5005388205  0.2342180328  2.470602607  0.8064421269  1.410507638  -2.156657582  -1.399314667  -2.219173415  0.1953424886  -0.478277279  -0.9838809379  0.02553159592  
2.112783793  -0.4898181759  -0.8770803396  -0.8176742233  -0.1334922284  2.174811849  1.047365631  -1.222980509  1.982070662  -0.3680788005  -0.7593860767  -1.217532383  0.07826366869  0.1933091327  -0.1844565768  1.307213816  -0.162157741  -0.01219387762  1.052737825  0.5586505727  -0.6047129983  -0.7393094765  0.9868018724  -0.5784809246  0.2258303151  0.06741738792  1.19653451  2.092164047  0.7938431544  0.2354780855  1.255054908  -0.4122392119  0.1547327598  -1.237697264  0.5079424756  
-0.255280559  0.495654237  0.4358732807  -1.094515387  0.3403084387  -1.259770684  0.1677465286  -0.8537680898  -1.443365925  0.8928627893  0.0458729365  -0.2358481711  -0.1830048505  -0.5583341121  -0.2526888834  0.629913605  2.432088303  -0.9972103563  0.3282637545  2.274798537  0.9875003651  -1.249930446  -0.0613761203  0.6449328184  -3.072318109  0.9598810525  -0.01384823466  -0.6714005939  0.07460237312  -1.013093383  0.3399934396  0.2339763097  -0.8019283627  -0.4789490205  -1.885851753  
-0.6135029826  -0.2753179299  0.5299878033  -0.5095736696  0.3950338881  0.4187270365  -1.29582496  -1.064838031  -0.9944545985  -0.1441699167  -0.7519569683  -1.07724125  2.689415569  -0.9749967767  0.8231385147  -1.327066444  -0.8732535074  0.7126634965  0.8712651304  -2.611356003  0.1547629024  0.4013752392  -0.3482777049  -1.006638675  -0.2397655472  0.5278945231  -0.5239539516  -0.6257953878  -0.5374087652  -0.3384314677  1.296503741  -0.683544756  -0.7203781148  1.011967369  -1.376553265  
-1.203759281  -0.6483836331  -0.8909619323  0.7120448726  -1.545327838  -0.1653879207  -0.09335773788  -1.110165997  -1.111735052  -0.2759924002  1.344794083  -1.002721442  -2.11254275  -0.3566055127  0.7441373152  0.6467072533  0.4146046531  0.1003905432  -0.4540654084  -0.6249509975  -0.4610241877  1.124010775  -0.6147273861  0.5460698516  -0.626487487  -2.118179056  2.357378704  1.372549558  1.013423666  0.7223856232  0.7198570377  -1.007976583  -0.2904814226  -0.4353741816  -0.6272400265  
-0.5337253311  0.4097931772  -0.9572275362  -0.7489130996  -1.778202395  -0.3057029821  -1.177693456  -0.4906713058  -1.508584369  -0.1984171013  -0.6908028588  -0.9947253674  -1.878315044  -0.8715803404  -0.004689800732  1.767521628  0.2762212043  -0.5345460948  -0.7567882298  -1.259832457  -0.5463784289  0.3037279156  1.051398682  0.3619774633  -0.4092933603  0.06171231761  0.5059400102  -1.542768037  -0.4956985071  0.1148355799  -0.85128913  1.364530506  0.8837569998  0.2871287134  1.037313407  
0.299526058  2.32708392  -0.9089555083  2.175379608  -0.0381091514  2.352683708  0.5769281324  -0.5098844292  0.7662711312  0.2138144276  -0.1883909516  -0.4633917584  -0.008222155958  0.595860032  -0.03140164924  -1.420414743  -0.2301056385  -0.0885590653  0.5842231532  0.6624081614  -1.045369021  -0.2789938309  -0.1005329607  0.3993520864  -2.027071632  0.3080545184  0.5648006596  -1.532284911  0.9088016213  -0.1201581659  -1.625584035  -0.4674465585  0.248428085  0.4750460884  0.4090252215  
-1.039113469  -0.2895055018  1.730599601  0.4197706688  0.6077061004  -0.5490511112  0.309460364  -0.9669996211  -0.5153975323  1.117064048  -2.690027357  0.052548318  -0.8504180933  -1.989681969  -0.7532256895  -0.6129826928  -0.4882446796  -1.16984741  -1.42390202  0.0298342802  -0.8079047674  0.08789847035  0.52948022  2.193664486  0.5509206616  -0.3590347492  -1.020363499  1.172359355  0.165540141  0.3250512307  0.7505366378  0.4025654826  -1.343399738  -1.385631962  0.9354298985  
2.104380823  -0.7349263829  0.138905888  -0.6858935241  -0.07268167596  0.7764741286  1.964396863  -0.4655232528  -0.226397309  -1.097403  -0.3191535625  -0.1721984296  0.4319079157  -0.2461207907  -1.016902692  0.9533388949  -0.9788475013  -0.363211687  -0.8229961208  -0.1162421155  1.622219367  -1.116825669  -1.824017696  0.689954545  0.6703058646  -0.6654139391  -0.1683272398  1.005431075  0.4775545516  -1.447954833  1.054387645  1.294960287  0.3868474093  -0.6285662998  -1.068773493  
-0.7067924233  -0.4143635047  -0.07784941397  -0.6108784623  -0.3066649193  0.4363070616  0.7291424723  -0.3315007406  0.9602727111  -1.498472326  -0.2887690105  0.9745784173  -0.2602958082  0.1600015544  0.1746719588  0.2936582608  1.020301882  -0.2684212956  -1.473822244  -0.6458765654  0.5380454353  0.6860641733  -2.240918056  -0.06236884031  0.01089936444  0.5029486785  -1.801995966  -1.529402888  -1.050305838  -1.132128799  -1.525453006  -1.812285736  0.6867057121  -1.599363472  1.329223919  
-0.9905305903  -0.1693055374  0.04768832731  -0.2182833836  0.3128323542  -1.381564914  0.5598676404  0.6463271033  1.121025583  0.1997101543  -0.8192290192  -1.24623152  0.08823105951  -0.5059280529  0.307370381  0.6126951717  0.7955336773  -0.7467603239  -1.420897054  0.8080602626  -1.4217191  -1.323635762  0.6416578065  -1.76106903  -0.1763597303  -0.14153502  0.434724748  -2.495555629  -1.268382663  0.02512733452  0.8874655709  0.6044159033  -1.017087615  1.204203394  0.6588976119  
-1.09725839  -0.1265305856  0.2046766967  -0.6055284932  1.460360239  0.7789107463  -1.715028239  -1.52335293  -1.075529417  -1.128574685  -0.04119707827  -0.7679024076  -0.9731387317  -0.06671666101  -1.626116823  -1.259951879  -1.511690675  0.6406082299  -0.2942220379  0.8432713313  1.749783633  0.9577475607  -1.161665043  -1.103482628  -0.368497217  0.4886453416  -0.5568702649  0.1585840485  -0.1835465181  -0.3936920495  0.2203310565  -0.01489299074  -0.3706769138  0.7777549386  0.1358963252  
0.16886329  2.056314141  2.296153467  0.2816704315  0.1966281393  -0.6307453994  1.049862341  -0.2910407936  0.6462636419  0.4248166819  -0.1723085858  2.057391261  -0.390572583  -0.3101547163  0.7009227639  0.3477256974  -1.167089824  -0.549762834  0.03482845356  -0.9748575789  -0.419622307  -1.789061101  0.8526499855  -1.731815219  1.061138221  0.2460767123  0.3759828555  0.4660875657  0.8124152433  1.708406815  -0.7952660404  -0.6054223411  -1.242018741  0.4949250054  -0.9717038624  
0.7359478347  -1.143878203  -1.172713353  0.2199745805  1.070431322  -1.230758943  0.5997385263  2.136625021  -0.7064105199  0.05730736784  -0.5680144327  0.6832103292  -0.1073624619  -0.225022927  -0.3379094171  0.05477721877  0.1195783496  0.1143075144  2.476947373  0.6123207131  1.365012435  0.9862286248  0.2344153422  -0.003312521525  -0.3374952327  0.9202873716  1.269502771  0.2440919415  1.719774543  0.7884890473  0.98220039  -1.321366429  1.162452951  1.086288515  2.019703257  
0.6374936356  -1.103981157  -0.8177547127  1.239419906  1.574653332  0.8137828516  -0.2423202745  1.292315046  -0.8628746745  -0.9309637939  -1.461288575  0.5456891537  -0.2993133472  0.7339589719  1.111055638  0.03441422872  1.226508769  -0.8933022554  0.8248961057  -0.6802039321  0.07670900646  1.44436981  0.2930611086  -2.311708457  0.4236467499  0.1381572742  1.05041818  0.5474605002  0.9376458906  -1.547734042  -0.6398344042  1.894802165  -0.6554522136  -0.4266576799  -2.036452381  
2.172637138  -0.4871700868  0.4708012515  -0.756118528  -0.8116624805  0.06922849803  0.09247118166  -1.215329121  2.106963783  2.432618974  0.8598090443  1.051740431  1.205540224  -0.2656965974  1.528957942  -0.0887972783  2.068534177  1.165683666  0.3638255634  2.158487233  0.9111983461  2.215698515  0.9785787314  -0.209628612  2.53520558  -1.17507286  0.563433689  0.7054868499  0.6094402657  0.8710967775  -0.6891697593  0.9754528482  1.276327788  2.515251395  0.1666734734  
-0.8066781295  0.8044491637  -0.02255714985  0.1517889037  0.5977521593  0.4982087768  -1.208966202  1.690058031  0.7750980717  -1.309453427  0.8373929092  -0.03779962818  2.239242736  1.543632679  0.1585579996  0.7372328929  0.5815430308  -0.3041626256  -0.4190699338  -1.450516534  1.313725647  0.4215246486  0.8936283997  1.086842113  -0.285740962  -1.015349428  -0.2471961945  -0.3678205457  -0.900858622  0.6245087013  0.5831145663  0.2960930696  -0.8463450296  -1.263277617  -0.1394105058  
1.821785289  -1.218429544  2.599411169  -0.8695990494  0.05113601164  -0.4181469932  1.22321758  0.6205211128  -0.9021794745  0.5846657814  0.596445735  -1.374166276  -0.4702497248  0.003295911334  0.1970702049  -0.1004238984  -0.894935147  2.157228198  1.128647009  -0.2720147474  0.06482018301  0.05077677473  1.344244557  -0.1305362413  -0.07708717788  -0.4244891358  0.5088145577  -0.2900233803  1.242446932  -1.557158453  0.5066325641  0.4416974155  0.5801777938  -0.7888912756  1.883749349  
-0.5217896422  0.9454416207  0.1745513602  1.759012593  -1.234044555  -0.3493588859  -1.476421001  0.1303844704  -0.1332340881  1.801343414  -0.01105110707  -0.2986196301  0.4876128177  2.41569996  0.7073887901  -0.4870961374  1.818442157  0.2704770667  -0.562273303  0.2398305126  -0.04609896054  -1.843962669  -0.343554389  0.02318632761  0.9625775363  -0.3823919775  -1.008881091  1.374106874  -1.279587332  -0.8946340557  0.5235288923  -0.611369348  0.3870172395  -0.2127900857  1.178725617  
0.225608917  1.966095811  -0.0753947305  0.9644287478  -0.2875725224  0.275773008  1.109011448  -0.6410118842  0.2315628087  -2.156710228  -0.5917739441  0.6301992694  -0.09009370588  -0.2611783713  0.2129573907  -0.3159133357  -0.2650291297  0.1011781098  -0.07546466437  -0.7843806459  0.3883165256  -0.8224854978  -1.038516788  0.6635806048  1.347160432  -1.253189772  -0.03961856317  -1.177904104  -1.284840889  0.722073147  -2.554093094  -1.749976304  0.8687563475  0.3137038481  -0.7396071215  
-1.219481483  -0.3747046917  -1.589413905  -0.553244055  1.170053112  -0.6548299559  -0.4019754083  -1.556510119  -1.091851349  -0.2192890915  -0.2195125399  -0.9118982243  -0.2565056048  1.170214452  -0.8810314268  0.1234448518  -1.253214698  -0.1378808779  0.01730588618  -0.987923863  -1.433533208  0.6551740146  0.0953524801  0.9926098937  -0.04386304512  0.7949110321  -1.971417556  0.955130996  0.5108716623  0.8045308766  -1.1143332  0.6221418871  -1.140848518  1.12006411  0.220721641  
-1.311369016  -0.8573693512  0.6725145995  -0.02408575469  -0.8775812267  -0.2105194128  -0.9779556292  0.9973019542  0.1466314159  0.7327964655  1.925564365  0.9159156279  1.10676984  -1.991254605  -0.9340081269  -0.4204230033  -0.4574564111  -0.08690659311  1.019326346  0.6373729371  -1.35319121  -0.5260946355  -0.6409710314  1.304279695  -1.061257179  0.6280345234  0.5226382101  -0.5388943491  -1.956041748  -0.4012930895  1.504934334  0.2486978293  0.8748325391  -0.7914754961  -1.50381374  
