-0.4324399262  
-0.5525222241  
0.6425952016  
-0.5469525752  
-0.1201126751  
-0.5322992071  
-1.673032803  
1.46879488  
-0.3305740239  
1.829772848  
0.2698926483  
0.1566808347  
0.01198279021  
2.233214969  
0.724053237  
0.9224566805  
-1.357236955  
1.051457806  
-1.409984401  
0.402381148  
-1.465037156  
-1.030189415  
-0.1391177702  
0.9955010286  
-0.3885672267  
0.2891649514  
0.4427175004  
-0.3756135755  
-1.52054354  
-0.7664612944  
0.5314500421  
1.073544055  
-0.09903677156  
0.7564372961  
-1.356621213  
-1.722903368  
0.5565725682  
-1.643182107  
1.152179607  
-0.7665934365  
0.1954143504  
0.8033569353  
0.1143870201  
0.1182180596  
-0.8409367064  
1.856539889  
0.471192025  
