-0.869488041  
0.09256147432  
-0.3942108546  
0.4842215391  
1.469049818  
1.249714824  
-1.402309772  
-0.6517859164  
-0.6231836447  
-0.1385422726  
-1.061440187  
1.042738398  
0.3711267407  
-0.7396805623  
0.4507195412  
2.383428189  
-0.255746733  
-0.2904139627  
-0.2560604402  
-0.752260317  
0.8580601155  
0.3535673109  
-0.6254025357  
1.310270984  
-1.48599801  
-0.3256779421  
0.317572003  
0.9580815037  
-0.9817110735  
-1.137775501  
-0.004177941843  
-1.652515305  
1.302106544  
0.2457338606  
-1.574040549  
0.7552062695  
0.22243498  
-1.336813057  
1.141688454  
0.6276986451  
2.70948808  
-0.1128919751  
0.5243367541  
-0.706603867  
-0.1980814698  
-0.9017298142  
-0.3912642858  
