-0.2940730764  
1.244620685  
-1.879378405  
2.131869392  
0.5019221518  
-1.225317773  
1.604670126  
-0.5394589971  
-0.2932197282  
0.8829851172  
0.7825052707  
-0.3779744645  
-0.1030678862  
0.8963422053  
-0.6678814956  
1.185729896  
-1.148168191  
-1.089909649  
-1.056361459  
-0.6534860671  
-1.881851795  
-1.528529166  
-0.2487204428  
1.433657781  
-1.033582879  
0.2718257374  
-0.1874362076  
0.9115858372  
-0.5233443115  
-0.2728508821  
0.5561332045  
1.146352534  
1.546893241  
-0.3949050551  
-0.3728893284  
1.42759554  
-0.3528291353  
0.6173683593  
-0.5399715478  
-0.1554374712  
-1.320084118  
0.5539009923  
0.8385726098  
0.7859003421  
0.2997695595  
0.05250753775  
-1.531978586  
