-0.6112041913  
1.264553773  
-0.3769872455  
0.9625954871  
-0.3172618569  
0.6164695105  
-0.2362416741  
1.315764904  
0.05365847147  
-1.671405871  
-0.1314624723  
-0.5620095453  
-1.655553612  
0.3535484104  
0.5434815629  
-0.2054334348  
-0.3020923318  
0.81215414  
0.3905634473  
-2.619309249  
0.9034496753  
0.7171196779  
-0.1760249089  
0.5424510025  
-0.03640122567  
0.01608805064  
-0.6670327178  
-0.05161203468  
-0.5647763216  
-0.6859318697  
3.329891895  
-0.3551497166  
-0.3420898162  
-1.100241423  
1.877629893  
-1.336530043  
1.311629234  
-0.5554555027  
1.011231701  
-0.651002196  
-0.7453551481  
-0.08891469434  
0.6893535404  
0.145023273  
-0.7328186399  
0.5815172259  
-0.6598771343  
