1.051957201  
-0.946627192  
-0.4589675897  
-0.7969226511  
-0.268608915  
1.052054903  
1.929703745  
0.331689299  
-0.3931338187  
-1.168861055  
-0.08271750005  
0.7713959363  
0.05012337987  
-0.3277166397  
0.4084485401  
1.01903187  
-1.424136781  
0.4801036079  
-1.704013906  
-0.4920987097  
1.436931649  
-0.4248853311  
-0.2438655138  
1.86102698  
0.4254974704  
-0.09947153062  
-0.2307495421  
-0.6682799821  
-2.167194515  
0.7579761966  
-0.4416194345  
0.5223401889  
-0.938515664  
1.253151699  
0.4127664099  
-0.4867598064  
-0.9169134611  
-0.974978844  
-0.3878225709  
-0.05094390119  
-0.8792992607  
0.2858477277  
1.067302096  
-1.306117983  
2.911841551  
-0.08013081074  
0.332162459  
