1.114405114  
0.1713470996  
-1.989141163  
-1.73861219  
-0.9973488108  
0.9892899985  
0.5124193266  
-0.4026627897  
-0.7397767635  
-0.555037673  
0.4091151506  
-0.3797662903  
0.8052603501  
0.1840690394  
0.5223324122  
1.679675912  
1.829439402  
-0.09457219463  
-1.266421102  
-0.8355429938  
0.1407370898  
1.181676372  
-0.8499957594  
0.8529311594  
0.1364522855  
0.9525339982  
0.4608711612  
0.08091779736  
1.045134593  
0.1338312027  
0.3682178678  
0.7495324616  
-1.243765335  
-1.028143421  
-2.725160235  
-1.19173202  
1.196662319  
0.3890913252  
0.2366154216  
0.6930000073  
-0.2552282422  
0.1030520599  
-1.135257946  
1.074552284  
-0.1899338266  
0.9702982122  
-1.365362668  
