0.1171840086  
-0.4424289297  
0.6232637956  
0.8156200329  
-1.140657815  
-0.5150880672  
0.9404126906  
0.8542837856  
-0.5121262805  
-0.4130548751  
1.060151353  
1.706169099  
-1.214351302  
-0.9275551135  
0.679303303  
-0.5980947238  
-1.717922577  
0.2449062558  
-0.4949914825  
-0.7344698499  
0.9964134892  
-0.6347445496  
0.5883350961  
-0.1536210534  
-1.006710437  
-2.567442878  
1.787016446  
-0.4561158584  
1.780235528  
-0.330227213  
0.5304065822  
1.800069516  
0.1540672186  
0.9043806882  
-0.9594439026  
0.3564009895  
-0.46845182  
-0.3279191454  
0.6588162873  
-0.004732840263  
1.402190455  
-0.4854966574  
-2.006708398  
0.3200205348  
-0.06502879289  
0.8150890484  
-0.9573516403  
