-0.01067897427  
-0.3272921491  
-1.763515576  
-0.115825392  
1.421543517  
0.7454818875  
1.518423793  
0.114719629  
0.1574105296  
0.6931810247  
-1.122945824  
1.782029905  
-2.387731047  
0.9044317457  
0.7779804805  
-0.1838891263  
0.07469702491  
-0.3050193267  
0.03761934478  
-1.221864038  
-0.5478385635  
-0.4726219345  
-0.3173388937  
-1.168920124  
0.7214049156  
1.229103983  
-0.2917900454  
-1.089777361  
1.192005986  
-0.6083667549  
-2.363877721  
-0.902202581  
0.3079660948  
0.8930565077  
1.286562804  
-0.4381304411  
1.658165791  
0.658943615  
-1.21872705  
0.4899417283  
1.095474371  
-0.6664610874  
0.05472365378  
-0.6474538408  
-0.2722392682  
0.9089957738  
-0.2793569833  
