0.7660294437  
0.8451101371  
-0.649162468  
-1.742451513  
0.7282650323  
-0.8384288967  
-0.4534714171  
1.803361258  
0.8802377655  
-0.5020343485  
-0.127010903  
-0.7861851691  
0.1722289253  
0.3117754129  
-0.3178170473  
0.7455817608  
0.2103869114  
-1.686475356  
0.83340004  
-0.4374749426  
0.9940522239  
-1.413880578  
-0.01200208571  
0.09456582702  
-0.3348077237  
-0.8913095426  
0.8893634224  
0.2443225706  
-0.2878546077  
1.993830793  
-1.693353661  
0.2459305217  
0.973669647  
-0.1833131802  
-0.08872843092  
0.494164303  
0.9749261554  
-1.324892931  
2.064254548  
-2.83137267  
-0.2854015362  
-1.026148839  
0.3528551187  
0.4791299363  
0.2287869998  
0.8684790048  
-0.2811299124  
