-0.4271114412  
0.435588488  
1.423370673  
-0.4501921667  
-1.890819968  
0.2430286448  
0.7759614636  
1.134611951  
0.4678266944  
-0.03813697167  
1.471742461  
-0.8791053124  
-1.872927495  
0.7681276775  
-1.358120176  
0.8616677427  
1.207017528  
-0.9418475712  
-2.015933022  
0.7826138619  
-0.3089251577  
-0.09235891821  
0.6661428211  
0.7206687131  
-0.8591168428  
-0.7844616497  
0.5824472034  
-0.6440203113  
-1.466558469  
0.0713597225  
0.3696027501  
-1.033946817  
-0.1018055082  
2.247858792  
-0.9035814274  
0.6512306582  
2.109190748  
-0.4350999427  
-0.001256688005  
0.8671761702  
-0.0870665579  
-0.1864540126  
0.7867723307  
-0.5065301673  
-1.362711039  
0.05782333902  
-0.05374280186  
