0.4440677166  
0.5017942383  
0.2881468066  
0.7974641666  
-0.2454956324  
0.3131575216  
-0.8103297768  
-0.4580453724  
-1.759618599  
-1.270030837  
1.40150602  
-0.1947067516  
-1.235015524  
1.228236337  
0.6096354305  
0.1318378428  
0.1407467183  
-1.440182168  
2.512188323  
1.6373702  
-0.3862550643  
-0.9957916124  
-0.3941304748  
1.613457433  
0.4045783786  
-0.1181721789  
-1.963031359  
-1.844477369  
-0.8398710801  
0.5797340612  
0.195079393  
1.311391277  
-0.1628987556  
-0.3254658635  
-1.310076454  
-0.6020287383  
0.2945407819  
0.4254353138  
0.2802403197  
0.2026941166  
1.750424638  
-0.8725342664  
0.05271567184  
-1.084037719  
0.3664808814  
0.8477519779  
-0.01847996806  
