0.9193484864  
-2.000891584  
1.624291451  
0.7338242572  
0.5818517664  
-0.5508049466  
0.8194332179  
-0.01030902985  
-0.1380317993  
0.3106653752  
-1.09061476  
-2.084062469  
-1.415379677  
-0.1698897645  
-0.4120595994  
1.212508443  
0.3731152166  
-0.1801044269  
0.1875041611  
-0.8607255096  
-1.341541678  
1.239612339  
0.4436221612  
-0.1238801005  
0.8184497606  
0.6079156216  
0.7956240266  
-0.5090534223  
0.1623153854  
0.4201761356  
0.59626174  
0.8135353386  
-0.2959417545  
1.288775957  
-1.265043117  
-1.05159145  
-1.023760121  
0.4519854982  
1.166800401  
-2.001689541  
1.009937628  
0.6380604063  
1.990491726  
-0.4463079502  
-0.3511413866  
-0.1892640227  
-1.69401839  
