-0.5599965209  
0.6403748337  
-0.9157781257  
-0.2867289816  
0.3897104254  
-0.9630027017  
0.1337055575  
0.8244772099  
-0.1539162119  
-0.3144726429  
0.6978030535  
0.3961635004  
-1.032230392  
-1.907570606  
0.09950955184  
1.956507603  
1.880182596  
1.664477793  
0.8420534189  
0.2492232915  
-1.535346846  
-0.9279466994  
-0.2663595969  
0.03752911841  
0.3850057483  
-1.135203065  
1.755688043  
-1.778222387  
-0.7155528087  
0.373274294  
0.2152649162  
-0.4206031064  
2.072991279  
-0.1456238067  
0.2543068523  
-2.05711283  
-1.34782472  
0.6588827211  
0.06633763401  
0.6497450095  
-0.3740650153  
-0.2416627551  
-0.1519928245  
0.2060458044  
0.1840957638  
-0.8363619382  
1.434218564  
