-0.8747959943  
0.5444988699  
-0.2765129744  
-0.5535752716  
0.2286167644  
-1.558093941  
0.7899406923  
0.761458342  
-0.2184331182  
1.304739035  
0.6086280582  
-0.8037866539  
-0.0355658064  
-0.2130347225  
-1.173155413  
-0.9516246107  
-0.2364116847  
1.458649956  
0.4767996365  
-0.057086313  
-0.8521860783  
-0.9126523366  
0.7581117501  
2.078053327  
0.8433326057  
-0.6085217588  
-0.5811546526  
1.818261118  
1.098035588  
0.502336635  
-0.5506349414  
-1.142063083  
-1.83093156  
-0.4721863344  
0.2431900343  
-1.242180313  
0.9428832497  
0.1945672452  
1.56696425  
1.033215401  
1.341497638  
-1.157074149  
-0.1899145235  
-0.9078933148  
1.397548194  
-1.597022441  
-0.9948363998  
