0.461609125  
0.9402308013  
-0.05211416533  
-0.4000823877  
-1.359253538  
-1.545955236  
0.6665636649  
0.7319942078  
1.07436892  
-0.8806646598  
-2.434270872  
0.7798715034  
1.198696378  
2.373871972  
-0.02060067562  
-0.1597232496  
0.3322002767  
0.7669126762  
0.5431050621  
-1.504509241  
-0.1340565622  
0.1080878754  
-1.300226418  
0.1771344145  
-0.8162406666  
-1.260915709  
0.07095924382  
-0.1588794614  
-0.2975838776  
-0.08425812262  
0.17882471  
1.091233241  
-0.09679352446  
-0.06876110378  
-0.9631391328  
0.7373044783  
0.4969252082  
2.011220805  
-0.4716701152  
0.1504624554  
0.9008902693  
0.5555465773  
0.5118388656  
-2.220049445  
-0.6588029949  
-1.121314595  
1.150013023  
