2.071333235  
-0.391732228  
0.7502477776  
-1.395339389  
-0.1820990144  
0.1282401146  
0.368928121  
-1.265080348  
-0.476474464  
0.0743034413  
1.359003054  
1.529974338  
-0.03666780972  
0.1510228392  
-0.918605786  
1.333489551  
0.04334777007  
0.3071403309  
-0.5782002382  
-1.254481877  
-1.788155314  
-1.266251666  
2.04415413  
-1.114134429  
0.7550873205  
-0.5514646093  
-1.100885484  
-0.1535091611  
-0.4523794927  
-1.48319149  
1.09370467  
0.5610669966  
0.1116228289  
-0.8946553309  
-0.5875121223  
0.5158856676  
1.567266958  
-1.147662212  
1.677465421  
-0.6812090706  
0.04021130391  
0.1578169169  
0.9487517681  
0.0750598264  
-0.2784665794  
-0.9295122566  
1.262545993  
