1.859987446  
0.6264823748  
-1.512896836  
1.30994893  
-1.277099879  
-1.196883891  
-0.1462721072  
0.5039856122  
-0.7438884031  
-0.3148538107  
0.5246442624  
0.502031636  
0.9796826851  
-0.8340416237  
-0.6587478236  
0.2037717858  
0.9633424017  
0.4735755448  
-0.8340271919  
1.69110678  
0.8800712071  
-1.247096678  
-1.005754799  
-2.430885328  
0.06525924889  
0.5363611659  
0.05186672796  
1.205489205  
-0.8887037603  
-0.5317727407  
0.1381822235  
0.3765567086  
-0.7762881023  
0.1380703171  
1.184986918  
-0.8544643824  
-0.3346395189  
-0.709054804  
-0.06915316527  
0.2519537309  
2.063967281  
-0.335734756  
2.019904458  
-0.3634474909  
-0.785557983  
0.5632920179  
-1.263255593  
