1.170225667  
-1.369498387  
0.3812032529  
1.023540767  
-1.25499482  
1.277905019  
0.08571328549  
-0.5325026613  
-0.2318081205  
0.1946406866  
0.09150258614  
0.09389289918  
0.3893770762  
0.6511432295  
-0.2702790662  
-1.064559821  
0.7074738362  
0.1607231965  
-1.184334348  
-1.123920691  
-0.7415283183  
-0.6562759147  
-0.5594195297  
1.348116204  
0.4141798286  
-1.253204429  
-1.036404929  
0.6145318579  
0.4404951348  
3.087544199  
-0.5674035303  
-0.4645172994  
2.028612176  
-0.8193810404  
0.6848490926  
-1.334483614  
0.01592235986  
-1.2073936  
-0.8377785653  
-0.1254727325  
1.365603128  
1.501765113  
-0.2535076864  
0.7800480899  
-1.480707776  
-0.388703437  
0.249071631  
