-0.3594146952  
1.006677346  
0.6145748965  
-0.717720254  
2.046517827  
-0.647431476  
0.5833586476  
-0.8666682224  
-2.429939008  
1.043964245  
-0.190228163  
-0.6818001048  
-0.8646480721  
-0.821490466  
-1.705645675  
0.4528974713  
-0.4227762907  
0.8814431781  
0.02625001666  
0.07128181074  
2.880203541  
-0.1688748457  
-0.2360143651  
0.1954503194  
0.3533931501  
-0.5652616866  
-0.3717459981  
0.2701004258  
0.3683214185  
0.4500313515  
-0.3257145736  
2.058353779  
0.3657618803  
-0.2856621124  
-0.1827346964  
-0.6950065322  
1.445245613  
-0.06043177877  
-1.195934535  
-0.0566849025  
-0.5504182489  
1.485303563  
0.05719607673  
-0.8470182612  
-1.830202751  
-0.3319027869  
0.7550439453  
