1.231638084  
0.8422931304  
0.8057494046  
0.2568819224  
-1.160522669  
0.1571232675  
-1.499405937  
-0.1420640593  
-1.340668027  
0.6779596323  
-1.15887723  
1.334217852  
-1.38960222  
0.9575920929  
0.4665439735  
1.419619476  
-1.015387606  
-0.5864015865  
0.6052818874  
0.6826936796  
-0.1793999798  
0.3155949537  
0.9327343597  
-0.6468923322  
-2.38610942  
-1.193311172  
0.3879713678  
1.142914213  
0.1445715202  
0.9835772456  
-0.4085626071  
-0.3616925152  
-0.70915254  
0.2138998566  
-0.0379232838  
-2.270681618  
0.9448583371  
1.13774005  
-0.3553018409  
-0.2470994519  
-1.146127217  
0.6544677531  
0.9751119058  
1.068939635  
1.471143792  
-1.059449591  
-0.5164864883  
