-0.9638987003  
1.420827669  
2.411109202  
-0.8693274873  
-0.9965075986  
-1.322932951  
0.6220531599  
-0.7990212694  
0.3208214993  
-0.1198798592  
0.06336533086  
0.802736545  
-0.8052383569  
-0.347186657  
1.492795042  
0.3475386354  
0.02523084255  
1.158389722  
-0.6304226525  
0.1792841628  
-0.04247650696  
-0.2085789779  
-2.221156698  
0.108106069  
1.845277518  
-0.517277522  
-1.535462694  
0.9736220322  
-0.4609779739  
-0.5572758782  
-0.1740907558  
-0.5596588288  
1.161953352  
0.6633084995  
-1.747253247  
-0.15378641  
0.6618958711  
-0.2702986032  
-0.124547867  
-1.772782041  
0.2091658451  
-0.7514757071  
0.7596696243  
1.705819687  
0.8985926174  
0.6832708447  
-0.5633185279  
