0.9579111656  
-0.678603803  
0.518794772  
0.4943888764  
0.06853767822  
-1.466233592  
-1.246939495  
0.3924890513  
-2.839089922  
0.9215620009  
1.686166609  
-0.1342915693  
0.2347645589  
0.8723283464  
0.6977685069  
0.3684137255  
0.09022840636  
0.3760425758  
0.06458834667  
-2.082637535  
-0.3267090217  
0.8740000077  
-0.418969663  
0.08391131951  
0.5845977771  
-0.5614943425  
1.6704327  
0.5571243342  
-0.6777636508  
0.796860696  
0.5255345927  
-1.270267877  
-0.4563068377  
0.0125414609  
-0.5293204014  
1.444568161  
0.1819597293  
-0.1974583638  
-1.58542518  
-0.1984378873  
-0.4669946172  
-2.197238362  
0.8987330529  
-0.7405733999  
0.2688937216  
1.45867601  
0.9729373374  
