-1.215527505  
1.245655555  
-0.6026274543  
0.7628788621  
-1.355688787  
-1.117940692  
0.2831471323  
-0.5597682066  
0.1012089023  
0.8077518022  
-0.6955107787  
1.07167951  
-1.188063151  
1.382741611  
-1.234254865  
0.7721784857  
0.5408361223  
0.6686460316  
0.07571777557  
-0.1410529052  
0.09157196541  
2.343198205  
1.216802563  
0.5327670305  
0.1195026143  
0.03458934666  
0.3258984949  
-1.134800801  
-0.8422697888  
0.764905818  
-0.7283455781  
1.255129951  
-1.155350621  
-1.281618042  
-0.6202677994  
0.3355478535  
-0.9012446959  
-2.918179923  
-0.006354287944  
-0.5215426779  
0.8847432892  
-0.6361320161  
0.8177150551  
1.568364988  
-0.08149362662  
0.2088105216  
0.7260447159  
