0.9146553128  
-0.3398210185  
-0.8552054076  
0.6348795955  
0.680054372  
-1.024108919  
-0.3518174132  
-1.038017389  
1.126154895  
-0.3331149131  
-0.2747526014  
0.737751624  
0.1705298121  
-1.444489884  
0.661970806  
0.2788897782  
0.3025551392  
1.501963098  
-0.5651086774  
1.118035735  
-0.9914409255  
0.879421154  
0.4421591991  
1.587819047  
-1.852014779  
-1.64595301  
-1.758623379  
-0.2341617519  
1.159080434  
0.4710502404  
-0.1388093683  
0.09092308692  
-0.7265524524  
0.9535408702  
-0.6283046539  
-0.02417075076  
0.4709234832  
-0.3131184915  
0.8883103745  
-0.5172006872  
-1.440055865  
-0.508219782  
1.649839264  
-0.9265749328  
-1.587266209  
2.333175125  
0.4652208167  
