0.2210752222  
1.501019278  
0.6917548004  
-0.7048765195  
-1.892163092  
-0.02921561907  
-0.9777410822  
-0.7068315802  
0.05679199517  
2.06064303  
1.800765094  
0.3025662042  
-0.6215506442  
-0.5864797396  
-0.3298225546  
0.1314797854  
0.8500346208  
-0.6113912484  
-0.3555693951  
-1.57769108  
-0.5444008953  
1.454952772  
-0.6718473548  
0.5671168718  
-1.37921807  
0.8900333916  
-0.7922920029  
0.6347265296  
-0.3494032828  
-0.6160462547  
-0.9615897779  
1.146222626  
0.981662496  
0.7054848155  
0.9988772799  
-0.6803889433  
-1.099981913  
0.05311701168  
1.300929526  
-0.9010123141  
0.462920441  
0.6632862038  
-0.7490166146  
-2.440251135  
0.8816243333  
1.135201352  
0.08649543341  
