-0.8858156709  
1.253577932  
-1.485428747  
1.324173396  
0.292913256  
1.133620454  
-0.6780747625  
-1.001895362  
-0.707756328  
0.172806288  
-0.4557444697  
-0.1802877062  
-0.510345382  
1.054755559  
-0.08405692824  
0.05115741949  
1.526236084  
0.531465031  
-0.6428931939  
0.2792127532  
-0.8062202573  
-1.029991446  
0.1905507355  
-1.107902746  
1.061760182  
-1.124682842  
0.08755556221  
0.9243355714  
0.0867453916  
0.9022622137  
1.545721706  
-0.06002547572  
-1.121650621  
2.502950838  
-1.251849807  
0.1919569193  
0.1663524171  
-1.007761791  
0.6984249016  
-2.204334371  
-0.1300926595  
0.949008762  
-1.454101227  
-1.178756989  
1.15319141  
0.09511959132  
0.9338144061  
