1.442630297  
1.023572258  
0.5391810341  
1.213546758  
0.427205146  
-0.5170648733  
-1.426086615  
-1.335599739  
-0.2346717941  
-0.5916175323  
-0.08375206634  
-0.1186360705  
0.4343201472  
-0.8344771  
0.2361759528  
-1.689518424  
0.4319606988  
1.415288411  
-1.276683528  
-0.7021469809  
-0.5737839451  
-0.5546623581  
0.7948604429  
1.549862501  
-0.4863529824  
1.294948222  
1.503595094  
-1.561170591  
-2.151005938  
-0.1295813973  
-0.8987317798  
0.6369665274  
-0.3748678099  
1.023807899  
0.02241029054  
-0.02934260685  
1.973796718  
0.7295143748  
0.136330148  
-1.627569258  
0.9963242653  
-0.2316455585  
-0.6667244881  
1.317288333  
0.06926230287  
-0.6734993894  
-0.4436549944  
