1.512636772  
0.7638564246  
0.1143430121  
-2.15552965  
1.277286659  
-0.4798431116  
1.043452436  
-1.268357805  
-0.8582407517  
0.6856435542  
-0.9356763258  
-0.6080955449  
-0.3106392824  
1.511484008  
0.8472527445  
-1.54670932  
1.039827972  
-1.015471763  
-0.5006953312  
0.407080337  
-0.3738892699  
0.2170759128  
-0.1334806745  
1.081554404  
-1.343097667  
-1.013247215  
0.2092488043  
0.4718673973  
-0.4861107685  
-0.8147919737  
2.001765223  
0.4853130239  
0.4058398457  
1.775949732  
0.9046895464  
-0.9080963881  
-1.260435362  
-1.273184269  
0.3721971392  
0.3647163315  
0.6937631271  
-1.644552171  
-0.05681608712  
1.281172646  
-0.6053100612  
-0.2344017063  
0.3586554462  
