2.020695502  
-0.7279401155  
-0.1224928059  
0.8244724703  
0.4551735975  
-2.60114425  
-0.4696458955  
0.7661342383  
-0.0127827127  
-1.310590017  
-0.8975249925  
1.98461626  
-1.511309216  
0.4304221472  
-1.496323431  
-0.7952030004  
0.4816249771  
-0.5757300466  
0.02328070664  
0.4240628178  
0.7736623769  
0.4407974032  
0.1773809227  
0.6464702457  
0.8085655027  
1.883312181  
-0.3484697697  
0.9343618201  
-0.1081351396  
-0.0930353315  
0.4352287896  
-1.289861631  
1.265334305  
0.2069451189  
-1.16939234  
-0.04094722743  
-0.4039995795  
-0.6220039994  
0.7311632865  
1.174850488  
-1.279459827  
0.8630981533  
-2.028558287  
-0.1823180146  
0.1601130783  
0.136802752  
0.03829849013  
