-1.091732531  
0.8974797632  
1.358628562  
0.10711372  
0.1724188016  
-0.6042569778  
-0.05155790165  
-1.055819933  
0.04687973363  
-0.3855913081  
-0.04056981523  
2.064962431  
2.488783997  
-0.3417409351  
-2.230282484  
0.903575152  
-0.9938304789  
-2.219589407  
0.03708034874  
-0.6715221822  
-1.209792096  
0.2069808032  
-0.9620268317  
0.807316735  
0.9883765329  
0.2504916376  
0.8625297824  
-1.222854341  
0.7400840477  
0.8365682823  
1.279333712  
-0.1270891949  
-0.8230165122  
1.501368069  
0.6952616738  
-1.786568247  
0.687405161  
-0.5939837008  
-0.08872428263  
-0.1988311352  
0.1262447192  
-0.3047493415  
0.01463771871  
-0.1426394605  
-0.3502390204  
0.7880242486  
-0.3645375155  
