1.030889503  
0.08363231095  
0.1428634835  
-0.336244059  
-0.7499898212  
-0.4464013861  
0.1961403776  
-0.3874344596  
0.9787221502  
2.872164127  
-1.020214886  
0.3151789284  
-0.9833111554  
-1.532439839  
0.5645465463  
-0.393522658  
0.6412444582  
-1.022195145  
0.3560439599  
0.5595195074  
0.5974246712  
-1.708897446  
-0.8825993154  
1.185715904  
-0.07353326664  
0.1428066854  
1.017132551  
-1.409280815  
0.5100901134  
0.07484129922  
2.028704715  
-1.662553175  
-1.200457193  
-1.762691406  
-0.3918905732  
1.055244507  
0.3353315785  
-0.5907704752  
-0.6984543797  
-0.9704232951  
0.5647612054  
1.651328619  
0.4882521764  
-0.6021457173  
0.6612110845  
0.5757746195  
0.195885386  
