-0.6786971306  
-1.064686488  
-0.750504934  
-1.278622923  
0.7944654874  
0.1980051972  
0.3176717393  
0.4551958523  
1.099595355  
-0.1608685409  
1.571891775  
1.096372411  
0.0794057257  
0.2558724116  
-2.268057936  
-1.049469605  
0.5849581396  
0.6850154428  
1.319335765  
-0.1153545723  
0.17360865  
0.4232833733  
1.307287968  
0.2756894501  
-1.574502233  
-0.1932612218  
-0.3846855355  
1.052758943  
-1.023296481  
-0.4802634356  
1.063228282  
-0.3179960419  
0.5018466206  
0.183171211  
-1.404232144  
-1.11142562  
-0.1074483483  
0.8332206735  
-2.566803879  
-2.015040936  
1.282936763  
0.5127641988  
0.2688898251  
0.5276983803  
0.7453668493  
1.196594519  
-0.2609130035  
