-0.5444926957  
-0.6906591  
-0.3612669054  
0.8168849015  
-0.628640365  
-0.5278725112  
-1.190176171  
-0.21701186  
0.5844177813  
0.3792702431  
0.5303490738  
0.5980592192  
-0.1534727534  
0.5698376043  
0.7957457786  
0.5196607699  
1.9389953  
-1.68661701  
0.1848278487  
-1.300186912  
1.359216608  
-1.176428146  
0.9249340013  
2.020303279  
1.708711737  
-1.326489969  
-0.1368706964  
1.070692097  
-0.3689453302  
-2.297445046  
-1.277036636  
0.5039354404  
-1.514392116  
0.86107333  
0.1550976813  
-0.6909851253  
-1.054654354  
0.8152950273  
-0.1616049322  
-0.4107793654  
-0.5547425988  
0.7192956747  
0.7590134973  
1.2310427  
-1.28601641  
0.07423830948  
0.4358891061  
