-0.5174531859  
-0.6687001845  
-5.267422455e-05  
0.4317708618  
-0.4090122049  
-0.5172690544  
1.431125001  
-1.872176367  
-0.4228723089  
0.2709475465  
1.274629103  
-0.02334953471  
0.8094587299  
1.208258688  
0.6757477063  
-1.660607341  
0.491502227  
0.3433318706  
1.697676036  
-0.2035824862  
0.2450313488  
0.2564389865  
-0.4099910752  
-0.5622598875  
-0.4191527946  
-1.001408908  
1.753293836  
-0.4274968309  
-1.214185984  
-0.7996216001  
-0.636865526  
-0.5987719457  
0.8487091647  
0.1705540169  
-1.007230388  
-1.151711572  
1.373852399  
-1.760008042  
1.77951876  
0.6970598669  
-1.399330641  
1.649772476  
1.193489781  
-0.6375463536  
0.35715547  
0.7120293539  
-1.350696341  
