-0.3879391317  
-1.472951893  
0.9228309701  
0.3544930739  
-0.4216313374  
-0.1503525305  
-1.122695421  
-0.7362738916  
-0.2464656352  
0.6154984444  
1.018790154  
0.4544720627  
-0.4193754935  
2.352396039  
-1.42431954  
0.7125574074  
1.232212748  
1.580255092  
-0.8442445952  
-0.137042048  
1.419876064  
-1.610219938  
-1.733562619  
0.7276252263  
-1.817961979  
0.8818646437  
-0.119172429  
-1.478776862  
1.766990054  
-0.2269628846  
0.495926908  
0.2303770023  
0.3368853203  
0.341550305  
0.1458874143  
0.02797707512  
-0.3627117668  
-0.105686065  
1.062955807  
-1.241643454  
-0.6364860329  
-1.283842609  
1.120385801  
0.4500457759  
0.8766168673  
-0.8162264825  
-0.3319256179  
